-1.870940434152369085e-04 -6.207800688157870395e-03
-2.152358186341707738e-02 -4.076606504004703924e-02
-4.293727724616770713e-02 -7.492817443790242282e-02
-1.014513742487862802e-01 -1.795889280237834840e-01
-1.666359449294519679e-01 -2.938488886365337449e-01
-2.660763896599900313e-01 -4.517344635210311932e-01
-3.768255644701484774e-01 -6.371042412810746791e-01
-5.141769939926731370e-01 -8.534424166995472349e-01
-6.690887295260725676e-01 -1.107289082162625116e+00
-8.425872769585647237e-01 -1.379009311470809074e+00
-1.013758042524945058e+00 -1.645285656870858926e+00
-1.181816680012417020e+00 -1.905663662616316145e+00
-1.346147900271731590e+00 -2.159458093567411474e+00
-1.506119986400890287e+00 -2.406141741476995222e+00
-1.661183224592607921e+00 -2.645108397956011270e+00
-1.810868373306967705e+00 -2.875798751345667981e+00
-1.954689715845820963e+00 -3.097665273975316325e+00
-2.092251331376215884e+00 -3.310166136134588211e+00
-2.223100559666216558e+00 -3.512788445112096092e+00
-2.346859391128103489e+00 -3.705042568289045768e+00
-2.463016265739927046e+00 -3.886299572973674898e+00
-2.571053075590808312e+00 -4.055734838056967106e+00
-2.670571698553436235e+00 -4.212795693062743041e+00
-2.760866742723228739e+00 -4.356472656483974859e+00
-2.841569520816457306e+00 -4.486222068719854406e+00
-2.912075147574620271e+00 -4.601206525237648393e+00
-2.971842604575439140e+00 -4.700603204304450777e+00
-3.020435080330791777e+00 -4.783806842694642292e+00
-3.057235224954821362e+00 -4.849871166192530225e+00
-3.081945634931208655e+00 -4.898309040271584536e+00
-3.093942383029633536e+00 -4.928162740141010190e+00
-3.092561500310486711e+00 -4.938708524807646327e+00
-3.077830898899231116e+00 -4.929310474690783650e+00
-3.048457082488746028e+00 -4.899073670223450527e+00
-3.005024478493349971e+00 -4.847454531364452812e+00
-2.945558582651493396e+00 -4.772731569238765736e+00
-2.870304117596372162e+00 -4.673591568149868536e+00
-2.777197614751202970e+00 -4.547360475089559984e+00
-2.665775360697228979e+00 -4.392099376561596102e+00
-2.534570932215498118e+00 -4.204679132312328704e+00
-2.382344225419218642e+00 -3.983077088566732371e+00
-2.207910669583899477e+00 -3.723585808525621044e+00
-2.009423893319706167e+00 -3.424317142433809469e+00
-1.786681471144809574e+00 -3.081745302605170878e+00
-1.537718081408241844e+00 -2.694881653922742260e+00
-1.262429071922857249e+00 -2.261572083314146386e+00
-9.565023680832933639e-01 -1.784216546040970464e+00
-6.224723229468018815e-01 -1.258436338434974600e+00
-2.552646206899569226e-01 -6.875855881469956632e-01
1.414693457906400775e-01 -6.614315639363388399e-02
5.700504524278697804e-01 6.050618468243038617e-01
1.027404329616158352e+00 1.330999190929786025e+00
1.513330403965089443e+00 2.113118834975403981e+00
2.026034333214630223e+00 2.954838955974746106e+00
2.562424742064000061e+00 3.860023040034816777e+00
3.117747907891007753e+00 4.834446793360635652e+00
3.689122468923319076e+00 5.881522759517709531e+00
4.273813700585064268e+00 7.004741448103896317e+00
4.870707000710583046e+00 8.205655103220516722e+00
5.475645216744458033e+00 9.488473316956488546e+00
6.088857961034160660e+00 1.085270938008483377e+01
6.704987208139983501e+00 1.230298440309367614e+01
7.324619291143028121e+00 1.383746290636295129e+01
7.942783086760004885e+00 1.546020456433026879e+01
8.559889456035779887e+00 1.717066249679981382e+01
9.179608259147213900e+00 1.897753945584562629e+01
9.801268260291486456e+00 2.089210410249697603e+01
1.042868684076906760e+01 2.293799461918872851e+01
1.103382277961294200e+01 2.507574690439523479e+01
1.158169295040183577e+01 2.693604467977092654e+01
1.203840323583953165e+01 2.870157182401944951e+01
1.237715529924595259e+01 2.988155581671844629e+01
1.257820619147110364e+01 3.072795628233685861e+01
1.264919639996735867e+01 3.097827491032658287e+01
1.257800372394274291e+01 3.083613245771478262e+01
1.237245429014015308e+01 3.016166426336566531e+01
1.202554942231821045e+01 2.897317921168275134e+01
1.157711242274798913e+01 2.732478248877288252e+01
1.108263735442409370e+01 2.561589318192235254e+01
1.059086008136641155e+01 2.400437787915573296e+01
1.010517644230112211e+01 2.246978726907402546e+01
9.622162806060545748e+00 2.098962219024937426e+01
9.133887485598000566e+00 1.955441628596354775e+01
8.638472452982510319e+00 1.815977243098799221e+01
8.137192218754462303e+00 1.680402329045303844e+01
7.629331317951566938e+00 1.548713113623080417e+01
7.117326397451371633e+00 1.420711355433806844e+01
6.599264458234783248e+00 1.296379965035209203e+01
6.077704639597127034e+00 1.175474081499057277e+01
5.550928284013584957e+00 1.057964149560466360e+01
5.020711575026024498e+00 9.436607540480265399e+00
4.486320765655451126e+00 8.324642209660526149e+00
3.948051636468637327e+00 7.242320240787320174e+00
3.406154559633656209e+00 6.188056564366325674e+00
2.860636244579184861e+00 5.161760109703500632e+00
2.312490540747218049e+00 4.161972809019633956e+00
1.760326736060417119e+00 3.190617266417154596e+00
1.206986792823133037e+00 2.243461003991700675e+00
6.510693282378380298e-01 1.323502152924335151e+00
9.614300837549621948e-02 4.253740959781451281e-01
-4.579608655073255652e-01 -4.495092687169268686e-01
-1.008644187797995695e+00 -1.304985192522319926e+00
-1.554926429289246403e+00 -2.140859131443227259e+00
-2.095382466023513413e+00 -2.958940013717085815e+00
-2.627532423433162734e+00 -3.759945792948623300e+00
-3.149946890969256064e+00 -4.546680020846058490e+00
-3.661210227914856841e+00 -5.318096924221700661e+00
-4.161403994289548436e+00 -6.073630786752453048e+00
-4.649823957161006938e+00 -6.811369418683488774e+00
-5.125781209789475490e+00 -7.531164682921431819e+00
-5.589048353584569639e+00 -8.231214076916691269e+00
-6.038611696153532549e+00 -8.911397173135547689e+00
-6.474109905496798767e+00 -9.570255244108858861e+00
-6.895112672616914296e+00 -1.020748655819774520e+01
-7.301329459115683207e+00 -1.082246574266113726e+01
-7.692506048304805333e+00 -1.141393521153988466e+01
-8.067677536965817353e+00 -1.198147274086750258e+01
-8.426727672039030281e+00 -1.252354822686199753e+01
-8.768670188600577120e+00 -1.303988494614149296e+01
-9.093346026131960969e+00 -1.352911341367756748e+01
-9.400065193082721038e+00 -1.399070125270370291e+01
-9.688527294070684803e+00 -1.442379864960066982e+01
-9.958464319493117500e+00 -1.482794861164911993e+01
-1.020941347479599060e+01 -1.520282799365945614e+01
-1.044142982233503147e+01 -1.554784895701850012e+01
-1.065421154126250869e+01 -1.586331726349995108e+01
-1.084806767042924847e+01 -1.614910117414621737e+01
-1.102306706379148693e+01 -1.640586725961629000e+01
-1.117958223516541594e+01 -1.663401396704770363e+01
-1.131803292584267240e+01 -1.683425699682486254e+01
-1.143869985006385548e+01 -1.700737581480979088e+01
-1.154238844638600092e+01 -1.715431106734542865e+01
-1.162871036436515482e+01 -1.727551633270985576e+01
-1.169994041323009704e+01 -1.737341750624450754e+01
-1.175467164502234496e+01 -1.744732281399372908e+01
-1.179535922721986907e+01 -1.749967193045601377e+01
-1.182078379458957329e+01 -1.752973704466849014e+01
-1.183274940703784495e+01 -1.753944850984142434e+01
-1.183068380621031501e+01 -1.752867486165768085e+01
-1.181560777904676129e+01 -1.749866205340449810e+01
-1.178765013072017531e+01 -1.744982174849687340e+01
-1.174781038922402843e+01 -1.738326563087626653e+01
-1.169589159384747745e+01 -1.729884194511375739e+01
-1.163193202935981319e+01 -1.719676701841620314e+01
-1.155627314603090383e+01 -1.707741608258470478e+01
-1.146915165942250958e+01 -1.694125861873747141e+01
-1.137097988496918788e+01 -1.678873829635661252e+01
-1.126202035731088458e+01 -1.662034262114339356e+01
-1.114266249474804482e+01 -1.643662573711215558e+01
-1.101325643526521603e+01 -1.623808129423676050e+01
-1.087411927474245132e+01 -1.602539006219484818e+01
-1.072571766273716598e+01 -1.579902829675573450e+01
-1.056833833477419837e+01 -1.555976014771269078e+01
-1.040253578240488253e+01 -1.530808495400025393e+01
-1.022858932444031410e+01 -1.504479128525339249e+01
-1.004700894372972719e+01 -1.477045392660597400e+01
-9.858245672804322624e+00 -1.448579824383224413e+01
-9.662653818573620157e+00 -1.419155732334406927e+01
-9.460862644586795156e+00 -1.388831802587356989e+01
-9.253148791987845456e+00 -1.357689567317750523e+01
-9.040183865653197870e+00 -1.325783943395652287e+01
-8.822269040394761674e+00 -1.293192247044724752e+01
-8.599958064220002640e+00 -1.259972462778958224e+01
-8.373667935881980995e+00 -1.226198239748792851e+01
-8.143908721965956943e+00 -1.191939701994814982e+01
-7.911007316915346976e+00 -1.157243034880859867e+01
-7.675462350195727979e+00 -1.122203550098055125e+01
-7.437597928785016244e+00 -1.086842204836337089e+01
-7.197894897601306852e+00 -1.051255718454509491e+01
-6.956612970974854981e+00 -1.015471954906005259e+01
-6.714339014700681396e+00 -9.795670819180170241e+00
-6.471234524287381440e+00 -9.435974917901020831e+00
-6.227915344551932186e+00 -9.076110808421844922e+00
-5.984519460357537568e+00 -8.716769260209360937e+00
-5.741745003785453605e+00 -8.358470226921257407e+00
-5.499871144981075766e+00 -8.002005915156390259e+00
-5.259431643089235386e+00 -7.647856033516385210e+00
-5.020806509485007396e+00 -7.296732874896333598e+00
-4.784331670849809370e+00 -6.949246784938504007e+00
-4.550473655952858465e+00 -6.605897080470986893e+00
-4.319464803658297214e+00 -6.267397524848524526e+00
-4.091804253110605138e+00 -5.934026075721044791e+00
-3.867637527661661689e+00 -5.606448120166824367e+00
-3.647334808404332218e+00 -5.284851389060415627e+00
-3.431100714805504381e+00 -4.969665185129219509e+00
-3.219100042799651007e+00 -4.661128004654345958e+00
-3.011567324236942511e+00 -4.359437685337793411e+00
-2.808454887025247260e+00 -4.064843779412298019e+00
-2.610045726587040704e+00 -3.777329030728730608e+00
-2.416203119134344934e+00 -3.497047586415961362e+00
-2.227150503862783015e+00 -3.223918923487632870e+00
-2.042776612756759036e+00 -2.958009396552653048e+00
-1.863187707163009410e+00 -2.699282572849991624e+00
-1.688503688494424448e+00 -2.447877180999330271e+00
-1.518386586469457677e+00 -2.203486441934763729e+00
-1.353323251474715772e+00 -1.966379292951573099e+00
-1.192705527454545944e+00 -1.736004181417270420e+00
-1.036925133351994210e+00 -1.512568173704126773e+00
-8.854574888942975397e-01 -1.295456471081231742e+00
-7.384964608595229185e-01 -1.084805600522108504e+00
-5.958527914823050775e-01 -8.802483058921928283e-01
-4.577779140203248609e-01 -6.827122138361987336e-01
-3.239097265809398607e-01 -4.910234681066447671e-01
-1.947503020512181549e-01 -3.068267138075578826e-01
-7.007383943039657836e-02 -1.289176475690061718e-01
4.985882379270156761e-02 4.157707506076427362e-02
1.652123227393386407e-01 2.055302936414198089e-01
2.757817809336051695e-01 3.622840184768392202e-01
3.816583433383606838e-01 5.120974398469774203e-01
4.828426512384493829e-01 6.550386294057670700e-01
5.797073976310052057e-01 7.921076273084169950e-01
6.722214722292662037e-01 9.234690719792604252e-01
7.605019216692433526e-01 1.049074816355156869e+00
8.443384656208113848e-01 1.168729924389265262e+00
9.236853295708911116e-01 1.282291432906664364e+00
9.984586647325532915e-01 1.389581853490698293e+00
1.068458278370492565e+00 1.490409740832032703e+00
1.133723168577172702e+00 1.584624663887615359e+00
1.194040324321727020e+00 1.672092535518372891e+00
1.249481479760687908e+00 1.752698679722018982e+00
1.299869754873891337e+00 1.826369463914442104e+00
1.345079973553535035e+00 1.892836698417013075e+00
1.385029092510013271e+00 1.952083761149886021e+00
1.419773205623115597e+00 2.004077971251382539e+00
1.449324956259882669e+00 2.048873122750034526e+00
1.473641699202568045e+00 2.086385039580646694e+00
1.492730485249540884e+00 2.116634344363475861e+00
1.506504500504808108e+00 2.139461609361866579e+00
1.514918728122074842e+00 2.154762924410840164e+00
1.517854409292454410e+00 2.162349795977260847e+00
1.515141062209973910e+00 2.161884078900569772e+00
1.506613148529286850e+00 2.153124379790982701e+00
1.492109244226143661e+00 2.135715320712332055e+00
1.471470556090947790e+00 2.109417824390811269e+00
1.444598976994526662e+00 2.073996850784924462e+00
1.411346052053141342e+00 2.029199574094048497e+00
1.371835996785965461e+00 1.975158877467968921e+00
1.326176660418216802e+00 1.911969294261515406e+00
1.274651429086599785e+00 1.840117880188022914e+00
1.217590499627619227e+00 1.759904526145902981e+00
1.155382830945800521e+00 1.672076425940147049e+00
1.088523722653587544e+00 1.577164163800880425e+00
1.017443268409365054e+00 1.475987398209158030e+00
9.427048864968419206e-01 1.369193422923348447e+00
8.648348083129068220e-01 1.257655337620341207e+00
7.844292542744115693e-01 1.142220258575972647e+00
7.020716409701202032e-01 1.023719399498939531e+00
6.183875418854362094e-01 9.031957601284620329e-01
5.340829844359659129e-01 7.814551728093166449e-01
4.498409750414827379e-01 6.597415901708569841e-01
3.665862430748932921e-01 5.391032191464518730e-01
2.854730589604123625e-01 4.218503996332694239e-01
2.071158262921587445e-01 3.082385895900549011e-01
1.327735058315995254e-01 2.008868098425239390e-01
6.266808412167326758e-02 9.947963651999150447e-02
-2.379939355366920972e-03 5.705910065813099563e-03
-6.238233578645396848e-02 -8.077817373838638848e-02
-1.169047844648302137e-01 -1.591663282164607063e-01
-1.660493981403384500e-01 -2.295867579914838696e-01
-2.099873841969231714e-01 -2.923418919933026272e-01
-2.494320005786385408e-01 -3.486567667018062311e-01
-2.847140067100338845e-01 -3.991113149650630798e-01
-3.160413046327645858e-01 -4.438840093556591926e-01
-3.436077152582399097e-01 -4.833077328895852842e-01
-3.675876451080478668e-01 -5.175684548938702667e-01
-3.882223454326998446e-01 -5.470495419498282441e-01
-4.057105748915282306e-01 -5.720500262357495203e-01
-4.202937891758123934e-01 -5.928813230715173077e-01
-4.322067378873346577e-01 -6.098917079476586789e-01
-4.416224932190979668e-01 -6.233493025002891930e-01
-4.487805019861378364e-01 -6.335434368684395023e-01
-4.537551600716476230e-01 -6.406619654407698095e-01
-4.567086669357616757e-01 -6.448259213857523431e-01
-4.576331786741702490e-01 -6.461549752518560563e-01
-4.566528427114178168e-01 -6.447231806132778242e-01
-4.537880811707050155e-01 -6.406598924191715394e-01
-4.491524086742233468e-01 -6.340249242418014575e-01
-4.427838263673929409e-01 -6.249871661311312554e-01
-4.347919540075332323e-01 -6.136030008739086217e-01
-4.252047120981131134e-01 -6.000039357646356208e-01
-4.141269864219477848e-01 -5.842969507816597741e-01
-4.016234010493722195e-01 -5.665475816215473914e-01
-3.877680058010506414e-01 -5.469279107002144036e-01
-3.726339598384693086e-01 -5.254736036901072049e-01
-3.563115066439515588e-01 -5.023501777600278828e-01
-3.388378864354809616e-01 -4.776178127405972806e-01
-3.203421818959575895e-01 -4.514056707260544754e-01
-3.007976757212971197e-01 -4.237717640652667872e-01
-2.803484416705243620e-01 -3.948255134884715578e-01
-2.589780411927307124e-01 -3.646047917846459985e-01
-2.367877217599267947e-01 -3.332503496911503049e-01
-2.138122681156366944e-01 -3.007638608005578362e-01
-1.901163722452306470e-01 -2.673201384151334681e-01
-1.657489513489240895e-01 -2.329291472294989507e-01
-1.407776049989362399e-01 -1.977353189515445031e-01
-1.237552388063350994e-01 -1.737364335500139190e-01
-1.071218425618481740e-01 -1.503779055489175565e-01
-1.071218425618481740e-01 -1.503779055489175565e-01
