1.497773806924429605e-03 1.790866709554832974e-03
1.281343062714835647e-02 1.873694091020227867e-02
2.408898298907853272e-02 3.556394914588455886e-02
5.748690001666088845e-02 8.475110075835812218e-02
9.426257855154145104e-02 1.388083359703212449e-01
1.463274517754135640e-01 2.167893024204271823e-01
2.067517797423469583e-01 3.061397819062500747e-01
2.783086657521585128e-01 4.132971200275918355e-01
3.615084439234155234e-01 5.367266037231134268e-01
4.515808037415506848e-01 6.715455579857612101e-01
5.401344011786877175e-01 8.038770848181899797e-01
6.267544070668151779e-01 9.335034506755098827e-01
7.112562380247159366e-01 1.059937582940255307e+00
7.933672255214112568e-01 1.182838730623559709e+00
8.728307166905322489e-01 1.301917094165375932e+00
9.495072022341424223e-01 1.416711422908446316e+00
1.023073122490236964e+00 1.527105118717186460e+00
1.093469452815246878e+00 1.632555781707289100e+00
1.160370980624529036e+00 1.733023304890605631e+00
1.223716798827805041e+00 1.828006496716788387e+00
1.283180064394519038e+00 1.917332987129388489e+00
1.338537529364483003e+00 2.000445973881798789e+00
1.389600562276670948e+00 2.077146485948619503e+00
1.435959040888321381e+00 2.146846359455027553e+00
1.477529562649857242e+00 2.209292490554196853e+00
1.513873109587223098e+00 2.264035059385846704e+00
1.544869442307082341e+00 2.310641715672504759e+00
1.570151187342276877e+00 2.348809997238530567e+00
1.589526260711730865e+00 2.378012351457399642e+00
1.602753914658862744e+00 2.398053208150682014e+00
1.609582519990210958e+00 2.408380678241303308e+00
1.609692597367729183e+00 2.408626033377925246e+00
1.602999203387478477e+00 2.398493404867922951e+00
1.589032362625591333e+00 2.377411091028342582e+00
1.567836948964555832e+00 2.345254752346898286e+00
1.538655721660462827e+00 2.301006947716432549e+00
1.501265359969514046e+00 2.244221724897655257e+00
1.454695070278041458e+00 2.173501807795611196e+00
1.398432627752203006e+00 2.088047118525338863e+00
1.331567535274519543e+00 1.986399745737931211e+00
1.253333106656839391e+00 1.867568650331362878e+00
1.162775895253851832e+00 1.729903174227919171e+00
1.058922187323578346e+00 1.572380026027018651e+00
9.411219435321407367e-01 1.393527252014332918e+00
8.083827798344462856e-01 1.192580485988741223e+00
6.601244284641353266e-01 9.679037587336456472e-01
4.944948315935001060e-01 7.153883013963192594e-01
3.121654687386917204e-01 4.373804909612473146e-01
1.111968228183317781e-01 1.280164334806247195e-01
-1.066982242399924230e-01 -2.075376767669989686e-01
-3.419776979564107533e-01 -5.723400703719244698e-01
-5.923985327320706595e-01 -9.606861826797699067e-01
-8.570052817418190028e-01 -1.372769410682697311e+00
-1.133379925207413930e+00 -1.803698121041779512e+00
-1.418830671230504326e+00 -2.249757415841183050e+00
-1.709553219665924662e+00 -2.702436513898165416e+00
-2.002476808949335219e+00 -3.157239701272856802e+00
-2.295092073146548728e+00 -3.609962269843494553e+00
-2.584846485235885449e+00 -4.056882841444684473e+00
-2.869405594780142899e+00 -4.494348827125986823e+00
-3.146582300608321336e+00 -4.918730578561273603e+00
-3.414166167049203615e+00 -5.326894398505043426e+00
-3.670280533201386142e+00 -5.715398844338898776e+00
-3.912854209629577529e+00 -6.081643950775372787e+00
-4.140314925051088224e+00 -6.422527901758716240e+00
-4.350819583948981162e+00 -6.735794723458588429e+00
-4.543145106667158650e+00 -7.018907354150679012e+00
-4.715793673189809354e+00 -7.270165304716165622e+00
-4.867937053434468808e+00 -7.487894059287652837e+00
-4.998507618360655158e+00 -7.671089854155582088e+00
-5.107425152907076438e+00 -7.819459939898795398e+00
-5.194402175820787448e+00 -7.933079135422254069e+00
-5.259744933883971463e+00 -8.012693362092331739e+00
-5.303891252568734949e+00 -8.059177492628387895e+00
-5.327255698221722291e+00 -8.073959068786850324e+00
-5.330691336340571240e+00 -8.058153697118521919e+00
-5.314404558547316526e+00 -8.013105721891362165e+00
-5.279254816487002344e+00 -7.939571458644731905e+00
-5.225254737426418217e+00 -7.838740120337991613e+00
-5.152986406313837087e+00 -7.710850906446487407e+00
-5.062114326750918991e+00 -7.556090646589771254e+00
-4.952827691345027539e+00 -7.374470525502449192e+00
-4.825094593855381753e+00 -7.165985883194892381e+00
-4.678615528360641207e+00 -6.930922555917488737e+00
-4.513945711196040378e+00 -6.669080404272971663e+00
-4.331063063990455930e+00 -6.381800324359587329e+00
-4.130261440029867614e+00 -6.068189153815739978e+00
-3.912009412770169448e+00 -5.730218602166542219e+00
-3.676405440077051168e+00 -5.367020718149429825e+00
-3.424031343036946673e+00 -4.980220905435503553e+00
-3.154649968560277351e+00 -4.569535127577537992e+00
-2.869220119631412658e+00 -4.135961342508749361e+00
-2.567792133669542842e+00 -3.680431510417735197e+00
-2.251346854565968059e+00 -3.203441808066009422e+00
-1.918935268258577187e+00 -2.705481239075168798e+00
-1.571279324072601291e+00 -2.185989241335163591e+00
-1.208398597537238661e+00 -1.642387536905114631e+00
-8.312376992441168344e-01 -1.076283260360756611e+00
-4.406054533492018144e-01 -4.823015740939766705e-01
-3.756849658864835906e-02 1.370128376235112966e-01
3.765080289598953245e-01 7.862341489541263551e-01
8.010166751400816798e-01 1.463390710530426464e+00
1.234225798974133204e+00 2.172751502778985877e+00
1.674925763137314005e+00 2.914670671797178425e+00
2.122239758717203273e+00 3.692702675749640839e+00
2.574593649324901978e+00 4.505152063060342549e+00
3.032776643193904942e+00 5.354897702157843220e+00
3.495291289517476141e+00 6.244023747399043422e+00
3.963026986717260947e+00 7.175038376386498662e+00
4.434253674556852154e+00 8.150832954390981655e+00
4.909407773876180769e+00 9.173609677733390200e+00
5.393482297699096151e+00 1.025191279141529677e+01
5.889163085349109927e+00 1.139751056041819055e+01
6.401264331402339636e+00 1.264058660643364362e+01
6.908570151264648906e+00 1.394981430353104912e+01
7.377367336644527818e+00 1.501456672064418996e+01
7.781106620063887647e+00 1.597508717131223577e+01
8.091503409889568843e+00 1.644385520298465053e+01
8.294509214694667065e+00 1.660135833606420164e+01
8.396304230294543203e+00 1.627111621158636368e+01
8.387621920189811675e+00 1.560321902422015761e+01
8.274787554804658996e+00 1.451421664961248226e+01
8.045623407387513026e+00 1.299661039011671448e+01
7.736735463373203281e+00 1.110578943144975383e+01
7.396386603988056585e+00 9.190251014940363561e+00
7.072936403534891170e+00 7.412693320778245720e+00
6.767483803815098398e+00 5.751193217246035161e+00
6.476136379383632402e+00 4.180426885592915198e+00
6.189917931147384422e+00 2.688624244492728632e+00
5.905501429832220595e+00 1.272156216975313558e+00
5.625520999676699496e+00 -7.197128747169057039e-02
5.348910260890258783e+00 -1.343868740269969830e+00
5.079605237453984401e+00 -2.546241773627486715e+00
4.814382965972300532e+00 -3.683465234270312472e+00
4.557185602780038813e+00 -4.755044194233658317e+00
4.304861782304205242e+00 -5.766278665240751167e+00
4.059502558792215332e+00 -6.715243459575548357e+00
3.820249061419919379e+00 -7.607430805966098220e+00
3.587733492023059245e+00 -8.441737468284927104e+00
3.362460285436745799e+00 -9.222390283161995939e+00
3.143731681790758792e+00 -9.949189946334882961e+00
2.931333687838243218e+00 -1.062540811222969239e+01
2.725411805757796291e+00 -1.124999286732128567e+01
2.526335296556445620e+00 -1.182339582219407603e+01
2.334366355364724477e+00 -1.234662109200768398e+01
2.149074365426078437e+00 -1.282015174983462202e+01
1.971040383903893023e+00 -1.324552392114662958e+01
1.799652991025127324e+00 -1.362317192707853941e+01
1.635397733641622997e+00 -1.395470273249538629e+01
1.477847778460846806e+00 -1.424079595994335712e+01
1.327173291919129028e+00 -1.448301345123706341e+01
1.183320612618393275e+00 -1.468244193290735389e+01
1.046180223669866294e+00 -1.484058318333371140e+01
9.158693683926535378e-01 -1.495888034877738448e+01
7.920672618876344329e-01 -1.503872279665812073e+01
6.750393914842203191e-01 -1.508176538946346312e+01
5.642811781027055051e-01 -1.508936407918247546e+01
4.601622906650431055e-01 -1.506337580795891995e+01
3.621203094881080276e-01 -1.500517702331208092e+01
2.704187211099974841e-01 -1.491665158465916896e+01
1.846006370916157824e-01 -1.479919704321986984e+01
1.047179472888638690e-01 -1.465452185307474231e+01
3.048251766773045490e-02 -1.448414126100856336e+01
-3.838933139702888769e-02 -1.428966456550262976e+01
-1.021501998542623246e-01 -1.407320007850634447e+01
-1.606301347523549916e-01 -1.383508119087547428e+01
-2.144157845631496639e-01 -1.357844512824757643e+01
-2.629998142366930525e-01 -1.330257822738492024e+01
-3.071898164773637641e-01 -1.301045698486271185e+01
-3.463192019142264932e-01 -1.270184343216207701e+01
-3.814448731014759009e-01 -1.237879468837863328e+01
-4.117915001445535683e-01 -1.204219181045570863e+01
-4.381727323106119343e-01 -1.169286023338677083e+01
-4.597941520367276325e-01 -1.133187084515376597e+01
-4.777584822163971068e-01 -1.096032462200324886e+01
-4.917071934274805933e-01 -1.057979731018056313e+01
-5.021386032574358671e-01 -1.019117055692263030e+01
-5.090322140855146893e-01 -9.795955417583197544e+00
-5.123471433232398287e-01 -9.395503100628722848e+00
-5.125799817512970424e-01 -8.990789810866651521e+00
-5.092992083633879341e-01 -8.583522705104806860e+00
-5.034051700960864295e-01 -8.174391991615843622e+00
-4.944175435124507634e-01 -7.765240857393781226e+00
-4.830503772859299216e-01 -7.357008685165609130e+00
-4.693932040874617684e-01 -6.950771445534886794e+00
-4.535169568375237992e-01 -6.547886845028736857e+00
-4.359511105506098660e-01 -6.148791455502891523e+00
-4.162779243105826366e-01 -5.755059071996933007e+00
-3.953612005144562236e-01 -5.366594077683894071e+00
-3.727959966793654156e-01 -4.984709418048405283e+00
-3.492866081444772064e-01 -4.609327467145016399e+00
-3.247562222626380057e-01 -4.241244111247771009e+00
-2.994286072465427440e-01 -3.880763281230239059e+00
-2.736217231982465692e-01 -3.528331130002135829e+00
-2.469978005254384601e-01 -3.184260996648997644e+00
-2.204343737046124685e-01 -2.848599480135613149e+00
-1.933601915930105164e-01 -2.521448066339927241e+00
-1.665065742775118374e-01 -2.202793797448471924e+00
-1.395159802824864625e-01 -1.892455710487371601e+00
-1.128457404585969381e-01 -1.590483149991174461e+00
-8.652942217741332875e-02 -1.296699927266760533e+00
-6.011979740475787565e-02 -1.013324226100103864e+00
-3.445422023028694297e-02 -7.381374043877659830e-01
-8.529646938413898774e-03 -4.748359342172798203e-01
1.655227065520742391e-02 -2.207173700158077123e-01
4.161134621369738662e-02 2.165595153934299355e-02
6.588710575161460525e-02 2.542028651158328434e-01
8.975044871575132976e-02 4.755367413262732712e-01
1.131045609557328746e-01 6.861572657106072004e-01
1.358395024443312948e-01 8.863675001776015749e-01
1.574440858424568379e-01 1.078265117472951173e+00
1.777875354896845672e-01 1.262329651361651095e+00
1.970088803048735404e-01 1.438361786520925278e+00
2.150887243783299319e-01 1.606146703553746669e+00
2.319213033215765662e-01 1.765484651041825392e+00
2.477234687320784834e-01 1.916019611666671896e+00
2.621712151090832554e-01 2.057644985574868635e+00
2.756461320671977910e-01 2.189919086782436963e+00
2.877752302121993067e-01 2.312854882811814505e+00
2.989431506859525634e-01 2.426086410090621648e+00
3.088023338103000337e-01 2.529671811992617148e+00
3.174404381381836227e-01 2.623217187708029918e+00
3.247019297232450197e-01 2.706743101339920798e+00
3.306747862456292375e-01 2.780218869352148570e+00
3.354129652047907473e-01 2.843632814038624446e+00
3.387625924173109926e-01 2.897011267516821142e+00
3.408987658532135478e-01 2.940218867721081430e+00
3.416289082350560946e-01 2.973235199897790171e+00
3.411643788704641911e-01 2.995698449795797025e+00
3.392985553179891367e-01 3.007520547700855751e+00
3.362388572743414961e-01 3.008046045310542205e+00
3.318265800022034417e-01 2.997059039376926748e+00
3.262080224213051993e-01 2.973946439171233802e+00
3.193247485382170181e-01 2.938422639189318897e+00
3.112057694931396612e-01 2.890107010689304978e+00
3.019320826119546441e-01 2.828615798959375205e+00
2.914531756029234977e-01 2.754159424096509046e+00
2.799575073601280328e-01 2.666788520817699126e+00
2.673270850604462789e-01 2.567306157772393238e+00
2.539137529080123246e-01 2.455943688689688820e+00
2.394639956026134164e-01 2.333978454054051799e+00
2.244192695293910078e-01 2.201878556863955616e+00
2.085328922233618265e-01 2.061062509447745938e+00
1.922212851961981328e-01 1.912209363060023870e+00
1.753423606139156710e-01 1.756746230177856694e+00
1.581254192186561380e-01 1.595732309042376063e+00
1.406682987809815821e-01 1.430407168704002974e+00
1.229583135534745020e-01 1.262235697280701396e+00
1.053603093201518348e-01 1.092303416107432978e+00
8.771098109355310313e-02 9.224592006692310386e-01
7.057573067703178105e-02 7.540029560092488259e-01
5.356627534455508932e-02 5.904474371399824895e-01
3.744044456190777359e-02 4.317843786954696506e-01
2.175544991512734505e-02 2.820826410807902862e-01
7.119842454805908570e-03 1.405465039612153189e-01
-6.730628404007250182e-03 9.827891565470689428e-03
-1.947491415892584760e-02 -1.108057695866939973e-01
-3.118290758911239011e-02 -2.200807833343806363e-01
-4.194934821161417499e-02 -3.181856459752443467e-01
-5.170748067476722137e-02 -4.055531558087393518e-01
-6.052142646266928105e-02 -4.839187953262407693e-01
-6.830106072823599606e-02 -5.541658591984044424e-01
-7.531021745372734610e-02 -6.164281835718745661e-01
-8.143455477032301992e-02 -6.712858642825060285e-01
-8.682639186450430424e-02 -7.189203861947702778e-01
-9.144440579411966530e-02 -7.599331515981506691e-01
-9.538934836155878172e-02 -7.946512994633007088e-01
-9.869124580053370566e-02 -8.236071997238595399e-01
-1.013916861317476492e-01 -8.472024997965943438e-01
-1.035845588223047453e-01 -8.658641357188423537e-01
-1.052709842722666933e-01 -8.799706533178772716e-01
-1.065238494127125207e-01 -8.897429907813436678e-01
-1.073032888003182250e-01 -8.954310086120815804e-01
-1.076891483668918625e-01 -8.970958062116816123e-01
-1.075997824165432770e-01 -8.949749117803701415e-01
-1.071457026271684931e-01 -8.891241657947276389e-01
-1.062227285737646354e-01 -8.797842651911955691e-01
-1.049572140847132851e-01 -8.670096851825500606e-01
-1.032629389114694263e-01 -8.510631985848366998e-01
-1.012294749269546934e-01 -8.319847424963254801e-01
-9.881453619694591239e-02 -8.100046989124459751e-01
-9.607403817264202617e-02 -7.852328168794906471e-01
-9.300610249736099289e-02 -7.578084892154891561e-01
-8.961084564007584796e-02 -7.279263228513405126e-01
-8.596358649288732279e-02 -6.956563983599004519e-01
-8.197970942866956989e-02 -6.612498142541648471e-01
-7.781559951241345807e-02 -6.247025990178813881e-01
-7.331892985506564819e-02 -5.862838160535934762e-01
-6.863854685764936292e-02 -5.459673127438047224e-01
-6.368482844166198364e-02 -5.039829197937609750e-01
-5.852648603102478253e-02 -4.603852995338757470e-01
-5.315031143395580054e-02 -4.152804450735883002e-01
-4.753767527465651427e-02 -3.688687804655189639e-01
-4.174790907182879957e-02 -3.211629883889575710e-01
-3.571717484091228856e-02 -2.724299696549500882e-01
-3.161713953296501484e-02 -2.391804989105193457e-01
-2.742527806683110747e-02 -2.069764784883233455e-01
-2.742527806683110747e-02 -2.069764784883233455e-01
