2.168266165819616575e-03 -1.916981855059317688e-02
1.836100748322813322e-02 3.324851278039223090e-02
3.498152487398787508e-02 8.609104291492722383e-02
8.341021577823343192e-02 1.954226437107576264e-01
1.380144693610457496e-01 3.230165231858933561e-01
2.149668905945410768e-01 5.756756139171741449e-01
3.065044028197084214e-01 8.260815971584124506e-01
4.153977101050774223e-01 1.188844000496611431e+00
5.452258831825480545e-01 1.571453354244554124e+00
6.882865744480541892e-01 2.054950463122773741e+00
8.351965652057911083e-01 2.555247147841549715e+00
9.851816428159841932e-01 3.076416984839884794e+00
1.139357122555701984e+00 3.620728412714039557e+00
1.298767284865821381e+00 4.190421274210914149e+00
1.462862454686701508e+00 4.788757904673351717e+00
1.634221386238518869e+00 5.416357949985911802e+00
1.810761743820947345e+00 6.077501616696004305e+00
1.995909723807746339e+00 6.771823382852789841e+00
2.187231558626208106e+00 7.503783708649578443e+00
2.387756079505161555e+00 8.273065279233993152e+00
2.596230615083105153e+00 9.083704796416686378e+00
2.814110654016613644e+00 9.937903569922793778e+00
3.041818783965039685e+00 1.083775054566814866e+01
3.278913252141981705e+00 1.178821593650851263e+01
3.527602396985951128e+00 1.278945243160789502e+01
3.785918956143175418e+00 1.384731264061661982e+01
4.056924041622164800e+00 1.496179948560417117e+01
4.338111734341959291e+00 1.613818521707989007e+01
4.632078191245746268e+00 1.737696206077346872e+01
4.937409546266856353e+00 1.868266890754712506e+01
5.256951211862342710e+00 2.005894373625195470e+01
5.595611831219830634e+00 2.151663518309953815e+01
5.951867456017296831e+00 2.306383870834853411e+01
6.322505364448905318e+00 2.470742305321853038e+01
6.673126609865750680e+00 2.639350715018284177e+01
6.960491582999796201e+00 2.755143028056087928e+01
7.145949101078188370e+00 2.862817291078142645e+01
7.196707634284567945e+00 2.872800302419707918e+01
7.094142392765541594e+00 2.852345127399078351e+01
6.843129983443058784e+00 2.739544428801442422e+01
6.434853853858339079e+00 2.588062831008655351e+01
5.885489110433579363e+00 2.362036994683393232e+01
5.197430415249932878e+00 2.082740852076647897e+01
4.429101235774032475e+00 1.753532911967060670e+01
3.639685639188791733e+00 1.436858484355798282e+01
2.888870952312201368e+00 1.140972483849873598e+01
2.176698887103089231e+00 8.661574041518555589e+00
1.509082780515421884e+00 6.094329719346827545e+00
8.710495057519030970e-01 3.720847980725491499e+00
2.671874269832100746e-01 1.524916660934928503e+00
-3.060032777236902923e-01 -4.807895736470451098e-01
-8.442714960544096536e-01 -2.307047250223137169e+00
-1.348379399623642616e+00 -3.950782930990556885e+00
-1.818748861161077590e+00 -5.418490130143499783e+00
-2.253908617476139131e+00 -6.719004639105893517e+00
-2.654159829240539281e+00 -7.867565819960911533e+00
-3.018089195477322129e+00 -8.875172636672081339e+00
-3.348750963675995784e+00 -9.746730681516245554e+00
-3.645704862406312419e+00 -1.049083367881141271e+01
-3.910513067281724098e+00 -1.111395273068718481e+01
-4.143994169002056971e+00 -1.162387652745287170e+01
-4.346899584920788762e+00 -1.202774135401774735e+01
-4.520592721285300541e+00 -1.233238565404519349e+01
-4.665188667355305796e+00 -1.254513189813976659e+01
-4.782459353275640090e+00 -1.267231721325646987e+01
-4.872571711853010967e+00 -1.272132594477629830e+01
-4.937480598405392662e+00 -1.269806472594936508e+01
-4.977590703876311196e+00 -1.260965006007318578e+01
-4.994610581624417733e+00 -1.246189478754289404e+01
-4.989337267876264193e+00 -1.226143619567040943e+01
-4.963464931671338398e+00 -1.201440099393931504e+01
-4.918324016727462222e+00 -1.172700299827275217e+01
-4.855506798272284819e+00 -1.140506780726015101e+01
-4.776623666666122148e+00 -1.105425583632541731e+01
-4.683082384893577199e+00 -1.067979708205730738e+01
-4.576415334427793802e+00 -1.028636321630927597e+01
-4.457789559613527075e+00 -9.877954856555119179e+00
-4.328440871875963047e+00 -9.457802436327693130e+00
-4.189264527589585008e+00 -9.028943267340158840e+00
-4.041239972183978679e+00 -8.593518923497560635e+00
-3.884828862631662272e+00 -8.153344675070336223e+00
-3.720751550274436603e+00 -7.709872857221088616e+00
-3.549457161288001927e+00 -7.264531157283233398e+00
-3.371567451096442625e+00 -6.818672125417663210e+00
-3.187707136598090685e+00 -6.373246068271630094e+00
-2.998323769613354450e+00 -5.929613371249167209e+00
-2.803989266757199061e+00 -5.488366666933724325e+00
-2.605110269456618610e+00 -5.050689838846295743e+00
-2.402301223919272477e+00 -4.616893127921148476e+00
-2.195908617710819133e+00 -4.187960998660162915e+00
-1.986441005100779478e+00 -3.764163199400730075e+00
-1.774266357380765324e+00 -3.346086273027870206e+00
-1.559798215095657081e+00 -2.934053668305494966e+00
-1.343416520763293542e+00 -2.528356421403477494e+00
-1.125491858381211685e+00 -2.129390259273746366e+00
-9.063463944043481657e-01 -1.737696264883566766e+00
-6.858669143012281477e-01 -1.356153524220587325e+00
-4.651623158528518376e-01 -9.827316323406132259e-01
-2.438146257214812151e-01 -6.216020697538630069e-01
-2.322527461263668158e-02 -2.694317092297250360e-01
1.967611694619174345e-01 7.112539852135690843e-02
4.150135875484229908e-01 4.027471629723498037e-01
6.313728886910048299e-01 7.241025441405597451e-01
8.453075047443227019e-01 1.036349564012409630e+00
1.056062249002593267e+00 1.339873064816187398e+00
1.262984945044717922e+00 1.637640493970761391e+00
1.465551951623225158e+00 1.929607839408902237e+00
1.663875912898614917e+00 2.215523018685106926e+00
1.857615818104202399e+00 2.494695906521456674e+00
2.046557379276849886e+00 2.767009499927379768e+00
2.230500079844609740e+00 3.031827848357875332e+00
2.409185024946534526e+00 3.289057830382196013e+00
2.582352407648339288e+00 3.538115192418694654e+00
2.749932634999139314e+00 3.778918587963895348e+00
2.911722207137318108e+00 4.011196695778716403e+00
3.067617323966814524e+00 4.234571136096530353e+00
3.217254634527754842e+00 4.448832361132675217e+00
3.360490291830404708e+00 4.653467166578939107e+00
3.496980581094134344e+00 4.848372490214636343e+00
3.626574216477902901e+00 5.033055607662712205e+00
3.749017264321372167e+00 5.207356567892492016e+00
3.864130764411047636e+00 5.370947565505587384e+00
3.971832145334202036e+00 5.523708177686367016e+00
4.071863166592008199e+00 5.665504731796551674e+00
4.164304779682506563e+00 5.796172587561958522e+00
4.248963628532947290e+00 5.915777272958012034e+00
4.326015620972014197e+00 6.024326124616928624e+00
4.395452185759647357e+00 6.122013817579968986e+00
4.457450139375417564e+00 6.209033190850496986e+00
4.512168072263700758e+00 6.285608118279490064e+00
4.559755187644356056e+00 6.352039454987881584e+00
4.600505431546141999e+00 6.408670882519205136e+00
4.634363109851161511e+00 6.455614761880683616e+00
4.662130584680555856e+00 6.493823157607146790e+00
4.683396627437519832e+00 6.522959201125615891e+00
4.699024351673155131e+00 6.544003689183933936e+00
4.708629821967319273e+00 6.556614409350388861e+00
4.712823880098348184e+00 6.561589169355565687e+00
4.711510355200405620e+00 6.558806802089637067e+00
4.704985036651565089e+00 6.548791346149758219e+00
4.693408642417924881e+00 6.531635993571304866e+00
4.677053346088285046e+00 6.507843980200402001e+00
4.655917716370472803e+00 6.477284769723896218e+00
4.629985057744439025e+00 6.440119476771945628e+00
4.599378608639081989e+00 6.396422797563884544e+00
4.564231833191076504e+00 6.346426644801487882e+00
4.524630116654650536e+00 6.290284014130381074e+00
4.480785030830436000e+00 6.228138789741550774e+00
4.432727480199099901e+00 6.160284290756664838e+00
4.380702631588192730e+00 6.086787992071465148e+00
4.324783879772704509e+00 6.008018031078734111e+00
4.265182291241358392e+00 5.924063255991225851e+00
4.202012048541516442e+00 5.835255714645618319e+00
4.135484727760807999e+00 5.741775402753519941e+00
4.065716142562156854e+00 5.643894577506312515e+00
3.992936275613459429e+00 5.541862688949881210e+00
3.917290111572270028e+00 5.435908904164681310e+00
3.838966910741537397e+00 5.326336908185655972e+00
3.758170545573171317e+00 5.213362233000972346e+00
3.675050956978027639e+00 5.097272781984030665e+00
3.589859852380461458e+00 4.978287539966547826e+00
3.502718799128929472e+00 4.856666401112070375e+00
3.413865236742998466e+00 4.732676810723126515e+00
3.323429819660664641e+00 4.606528174192208169e+00
3.231657891797615534e+00 4.478564415815731614e+00
3.138657847090428277e+00 4.348870325510383772e+00
3.044650462675971614e+00 4.217882111211665119e+00
2.949747145953229399e+00 4.085606626536419483e+00
2.854143487932709888e+00 3.952466247155431933e+00
2.757979397406435496e+00 3.818518137695984915e+00
2.661435036886696803e+00 3.684094827931927441e+00
2.564616607410714622e+00 3.549348121395291322e+00
2.467754520123921047e+00 3.414508339542122517e+00
2.370911686044592237e+00 3.279795868026043948e+00
2.274374669132994686e+00 3.145421789174780436e+00
2.178224501186167839e+00 3.011671532788337657e+00
2.082706638251389908e+00 2.878731480242086693e+00
1.987944959144515966e+00 2.746859789130061458e+00
1.894111572727785298e+00 2.616309914194882680e+00
1.801364371548480170e+00 2.487219486333021479e+00
1.709818561955898097e+00 2.359907340761250971e+00
1.619661630973050048e+00 2.234431980211003754e+00
1.530954047548857000e+00 2.111083547643474834e+00
1.443849163393121415e+00 1.989917196557502210e+00
1.358405175482246374e+00 1.871097863295615671e+00
1.274690140592237064e+00 1.754731665756479320e+00
1.192818060310223860e+00 1.640885176902794784e+00
1.112733752907383522e+00 1.529656264347712513e+00
1.034560630973351714e+00 1.421054385236250273e+00
9.582220049644252224e-01 1.315118308725725882e+00
8.837977022278988848e-01 1.211876720959601528e+00
8.112591925218712863e-01 1.111317068017713350e+00
7.406003704878565408e-01 1.013466660681784592e+00
6.718994471300399063e-01 9.183562084107319556e-01
6.049857871165102985e-01 8.258989550515218880e-01
5.400636992010597881e-01 7.362106807815773646e-01
4.768610732610584768e-01 6.490962925318299881e-01
4.155255286353952693e-01 5.646225311158236115e-01
3.558554728650485943e-01 4.826277792255766474e-01
2.978831503346405229e-01 4.030885528594040368e-01
2.415504561162956643e-01 3.259649517817096998e-01
1.870269086827386906e-01 2.514462159977283173e-01
1.340890542937597241e-01 1.792392196407287808e-01
8.308452988199302447e-02 1.097772859147216479e-01
3.380496420686669029e-02 4.274455784255960789e-02
-1.358043066927720754e-02 -2.155307423408524270e-02
-5.915755401162495208e-02 -8.334093393615393808e-02
-1.028558052813111495e-01 -1.424318753492162248e-01
-1.446699215374718517e-01 -1.988903179111391195e-01
-1.846759488250832859e-01 -2.527816852724784624e-01
-2.230224462568116128e-01 -3.043328405003831172e-01
-2.598154812392876600e-01 -3.536571516555570005e-01
-2.949732318124740349e-01 -4.006723967743353043e-01
-3.285243406712108905e-01 -4.453944090041235815e-01
-3.603301692881140106e-01 -4.877252115099513508e-01
-3.904433524069473305e-01 -5.276321908006410544e-01
-4.187118738485269276e-01 -5.650261114418791975e-01
-4.451914334463310530e-01 -5.998734424188477687e-01
-4.697622012633833055e-01 -6.321223728352965976e-01
-4.924466032064568344e-01 -6.617504002490998127e-01
-5.132002789282836819e-01 -6.886924184356000289e-01
-5.319129242543572111e-01 -7.129113505283115604e-01
-5.486206119811565252e-01 -7.343448598028681218e-01
-5.632776129254533082e-01 -7.530451488320649700e-01
-5.759264410538403878e-01 -7.689800034531453221e-01
-5.865104770783580168e-01 -7.821735514119378951e-01
-5.950480149910819527e-01 -7.925819292271406580e-01
-6.014969793169586687e-01 -8.002133661242429863e-01
-6.058368548618420224e-01 -8.049888709306864953e-01
-6.079913419334554980e-01 -8.068700667726647069e-01
-6.078911896890325517e-01 -8.057702217967277480e-01
-6.054432617767231406e-01 -8.015438812681000558e-01
-6.005644410963264512e-01 -7.941671716058894548e-01
-5.931916938266502681e-01 -7.834743360397702361e-01
-5.832553606929777867e-01 -7.694828893795857550e-01
-5.706786392316531842e-01 -7.520466371555749596e-01
-5.555083266276011900e-01 -7.312619787462770748e-01
-5.377624424983451501e-01 -7.071549164962784850e-01
-5.175823758880450098e-01 -6.799140747765575199e-01
-4.950642619501625652e-01 -6.496509140397572768e-01
-4.703869233198337274e-01 -6.166685780630228875e-01
-4.437305850859194489e-01 -5.811095358563891367e-01
-4.153050888653682104e-01 -5.433471938656144751e-01
-3.852948831482072567e-01 -5.035370001365437886e-01
-3.539447228596984685e-01 -4.620808314637404046e-01
-3.214989003061927697e-01 -4.192130564996895958e-01
-2.881911322533279307e-01 -3.753209308025899360e-01
-2.542954242341093352e-01 -3.306914377990354259e-01
-2.200458988028583529e-01 -2.857318908154432568e-01
-1.857916124966432214e-01 -2.407936615750210785e-01
-1.518536903011415140e-01 -1.963459849254068357e-01
-1.188232354442322614e-01 -1.531134464382181704e-01
-8.684404119174031489e-02 -1.112831832536463894e-01
-5.658577122280628036e-02 -7.169239295210058649e-02
-2.804247504374437344e-02 -3.431397966310956171e-02
-1.596575406817141857e-03 3.197048771698823844e-04
2.274508391116981249e-02 3.227525947697556380e-02
4.487160174376904342e-02 6.129229226632201127e-02
6.467700353191319085e-02 8.740171638770238838e-02
8.240582679820608603e-02 1.107235716688324545e-01
9.827262095981231793e-02 1.316438225931443606e-01
1.125267151756403211e-01 1.503662286362634215e-01
1.251596461276539285e-01 1.670043759486685708e-01
1.363072406541767090e-01 1.816033896740123499e-01
1.459914469209788457e-01 1.943307372678853007e-01
1.543416098549400817e-01 2.052378162055770450e-01
1.614082851889354631e-01 2.145156768936239133e-01
1.673082099911248344e-01 2.222181556383409085e-01
1.721343918290954567e-01 2.285268067225077471e-01
1.759638520925308758e-01 2.334693347553372100e-01
1.788728338561577091e-01 2.372499342989102811e-01
1.809163013985092550e-01 2.398213310223553940e-01
1.821371369626755277e-01 2.413520110170176425e-01
1.825446856633216319e-01 2.417800585018245185e-01
1.821908100014238974e-01 2.412245152292289696e-01
1.810847691031196860e-01 2.396479559234287460e-01
1.792760360698181232e-01 2.371568493155677693e-01
1.767631597689688361e-01 2.337326638745012564e-01
1.735854898041174765e-01 2.294616420609190965e-01
1.697965723052423936e-01 2.243431115138274090e-01
1.653722110103020559e-01 2.184511839811428269e-01
1.604204748984585649e-01 2.118000817204547803e-01
1.548742816699082425e-01 2.044558827295483439e-01
1.488738939509853809e-01 1.964047363683935621e-01
1.423379816481990523e-01 1.877628658368680759e-01
1.354051405557246124e-01 1.784991782104558833e-01
1.279847496183540434e-01 1.686977532708601735e-01
1.202225213996986203e-01 1.583598397196986918e-01
1.120245717136320179e-01 1.475439694777262167e-01
1.035271282812914861e-01 1.362353429248666647e-01
9.464499219496425031e-02 1.245205565151931704e-01
8.548582639400315042e-02 1.123574176277417069e-01
7.599540641650583128e-02 9.986576794628995724e-02
6.628448451097140870e-02 8.699818760029855158e-02
5.629305820160401819e-02 7.383623234326348872e-02
4.950604370960627609e-02 6.485543903441827462e-02
4.284773399649439984e-02 5.614172040363318850e-02
4.284773399649439984e-02 5.614172040363318850e-02
