1.199998256661099138e-03 1.519162431683208176e-03
1.081542476163382949e-02 1.526875779153432158e-02
2.038863640210901440e-02 2.891208125873968859e-02
4.864605274827631110e-02 6.894638558603555234e-02
7.974590107283491269e-02 1.129040084119219550e-01
1.240146875984683150e-01 1.761717263958207658e-01
1.752180030333238270e-01 2.487635407592148629e-01
2.360556144562674930e-01 3.356770528792646924e-01
3.066376009877660458e-01 4.359126392559327656e-01
3.832152079173432035e-01 5.452474842139373168e-01
4.585041400376470566e-01 6.525623978135701719e-01
5.321695056463267015e-01 7.576704968202605528e-01
6.040419269682295589e-01 8.601740634382665229e-01
6.738794841164558180e-01 9.598134495357876217e-01
7.414968185688706193e-01 1.056322922097798322e+00
8.067220542352567803e-01 1.149376560462671559e+00
8.693428344248090855e-01 1.238827150667806576e+00
9.292456166671021478e-01 1.324296621439712052e+00
9.861945513195333746e-01 1.405689461437333199e+00
1.040123568721650793e+00 1.482658927641451463e+00
1.090746065328546344e+00 1.555018372554980655e+00
1.137904732152394072e+00 1.622363517395047694e+00
1.181371272523936700e+00 1.684481650510553319e+00
1.220900734131918908e+00 1.740938575519481724e+00
1.256276101592145533e+00 1.791504705519976648e+00
1.287302443596938240e+00 1.835813284298387638e+00
1.313696046821226870e+00 1.873540025224503136e+00
1.335319323314031914e+00 1.904398229648783136e+00
1.351852678551528575e+00 1.928006596788992999e+00
1.363215464695730184e+00 1.944157314370439149e+00
1.369098821432449542e+00 1.952451734494675462e+00
1.369288763454568514e+00 1.952539956358167572e+00
1.363688852145101382e+00 1.944247955325098642e+00
1.351894438313467006e+00 1.927041863814096256e+00
1.333970644060856081e+00 1.900887953519104556e+00
1.309214964176153906e+00 1.864915247535595233e+00
1.277509305677985818e+00 1.818777517523605836e+00
1.237961838379214807e+00 1.761333817515849054e+00
1.190231033973628616e+00 1.691924745191432100e+00
1.133461662643481249e+00 1.609367758878784027e+00
1.067063737681995583e+00 1.512866347863075944e+00
9.902262596460928989e-01 1.401047483265572158e+00
9.020784511611770196e-01 1.273104632984482842e+00
8.021314675392436921e-01 1.127845801649890456e+00
6.894645416976992180e-01 9.646485703784488663e-01
5.636626563371813781e-01 7.821840361641262396e-01
4.231642506110384616e-01 5.770105578714299632e-01
2.685306922240433547e-01 3.511068370932143301e-01
9.817953544531847487e-02 9.958960634945422663e-02
-8.646170186100243793e-02 -1.732706732783543535e-01
-2.857881986135458741e-01 -4.700044116178385134e-01
-4.978942172595022808e-01 -7.859327850697865880e-01
-7.220014528749532090e-01 -1.121222730605233142e+00
-9.560025250823100951e-01 -1.471911366513315667e+00
-1.197741895038421100e+00 -1.834908390131702260e+00
-1.443964800607482557e+00 -2.203205694272663884e+00
-1.692193330005621554e+00 -2.573110146647157315e+00
-1.940254919829562885e+00 -2.941224226521796048e+00
-2.185958541503382868e+00 -3.304515011628534005e+00
-2.427414313016714509e+00 -3.659998921337886735e+00
-2.662624101438394675e+00 -4.004737418251226089e+00
-2.889885354393608274e+00 -4.336162459216705400e+00
-3.107457506498584099e+00 -4.651485121866784311e+00
-3.313706021307512017e+00 -4.948590553090201460e+00
-3.507217853334362978e+00 -5.224950162590980440e+00
-3.686487108849429539e+00 -5.478722572858522710e+00
-3.850443424214796906e+00 -5.707868750472794517e+00
-3.997805084038590806e+00 -5.910969726604503371e+00
-4.127911212402729291e+00 -6.086739606605260811e+00
-4.239766863811844644e+00 -6.234296696767038348e+00
-4.333398220588866145e+00 -6.353496038473650742e+00
-4.408430051611747835e+00 -6.444353779718102970e+00
-4.465210851139810977e+00 -6.507546311209004841e+00
-4.504001527049647180e+00 -6.543768034985960824e+00
-4.525202429089980605e+00 -6.554252583891964079e+00
-4.529445919507839591e+00 -6.539889707425799337e+00
-4.516938819270849947e+00 -6.501838964002846666e+00
-4.488353115365926627e+00 -6.440717341346081426e+00
-4.443702359205189190e+00 -6.357494339743757550e+00
-4.383473588603667537e+00 -6.252421780351149039e+00
-4.307345285595753914e+00 -6.125617941467110583e+00
-4.215489935737130267e+00 -5.977148854777398768e+00
-4.107875890883993186e+00 -5.806967433467317363e+00
-3.984205535404202969e+00 -5.615380805265989039e+00
-3.845003809446235099e+00 -5.402178318529935908e+00
-3.690177232055075862e+00 -5.168504603032193501e+00
-3.520030567194972981e+00 -4.913604757049044203e+00
-3.334882365959972006e+00 -4.639104194524974467e+00
-3.134877431742622900e+00 -4.344330825525792861e+00
-2.920427928350432190e+00 -4.030560869677656477e+00
-2.691411897890525040e+00 -3.697609965402369525e+00
-2.448526591667336660e+00 -3.346289177825605421e+00
-2.191907978669458856e+00 -2.977354417949646948e+00
-1.922297978614543990e+00 -2.591210474832989163e+00
-1.638953752221948834e+00 -2.188283138269423223e+00
-1.342429336716497890e+00 -1.768097851910514162e+00
-1.032739163732081966e+00 -1.328740464654176057e+00
-7.106456196567649819e-01 -8.713579755266754878e-01
-3.767389367869958816e-01 -3.918832462738944811e-01
-3.188689280238318768e-02 1.078350062484182414e-01
3.228762701876485286e-01 6.312616224200109372e-01
6.870648202911919800e-01 1.177029255889161519e+00
1.059382489947348072e+00 1.748402021247160487e+00
1.438859529077360699e+00 2.345833306574040655e+00
1.825018149573844228e+00 2.972157635521608388e+00
2.216555101219308099e+00 3.626241460828398822e+00
2.614447049355594466e+00 4.310478924865826400e+00
3.017575875466532942e+00 5.026790072706392110e+00
3.427330884465547900e+00 5.777595671710654024e+00
3.842463436584708347e+00 6.565474236506468664e+00
4.263787295968491264e+00 7.392650479587323353e+00
4.690805248054005006e+00 8.261356526727524852e+00
5.123834414312348429e+00 9.174166795053336543e+00
5.563216260185034123e+00 1.013182368016799018e+01
6.007422999876930625e+00 1.113766216251636720e+01
6.458032679118172581e+00 1.219223650785028923e+01
6.913050782168205011e+00 1.329991536888444159e+01
7.373872471395680250e+00 1.446147932127037805e+01
7.838775112586600535e+00 1.568042918760657045e+01
8.307770203289434718e+00 1.695860786309997437e+01
8.781030159343430341e+00 1.829846066985457043e+01
9.259383760146358000e+00 1.970572181941890832e+01
9.748857167974225746e+00 2.118831968564854407e+01
1.024441103079218784e+01 2.275690102706334628e+01
1.074530622551604786e+01 2.442087095823664811e+01
1.121282881487835326e+01 2.598019779942127983e+01
1.162645349716820142e+01 2.733317826764973901e+01
1.195324489030665127e+01 2.841603615623069246e+01
1.217864354873934474e+01 2.902391644394723613e+01
1.229468288953839661e+01 2.927952806332967484e+01
1.230355557934762523e+01 2.905211664320632181e+01
1.220036652935668009e+01 2.847350248124767091e+01
1.199071290969203751e+01 2.742347828557959843e+01
1.168405806164041749e+01 2.597286022892705759e+01
1.132640781751568504e+01 2.430704234998685465e+01
1.096253221085273211e+01 2.271566295702467642e+01
1.061419559763258036e+01 2.122285571420190564e+01
1.027914717351966800e+01 1.979987883532820447e+01
9.951113863686479988e+00 1.843730666815990560e+01
9.626836716650554848e+00 1.712508546597907966e+01
9.305147111534950000e+00 1.586388928243915863e+01
8.987131433315834528e+00 1.465091269305255750e+01
8.673374831344464297e+00 1.348770015407045442e+01
8.364218683533554355e+00 1.237450911283415600e+01
8.060727512709103593e+00 1.131010768426146029e+01
7.762085906775697097e+00 1.029490934722829110e+01
7.469697040580983938e+00 9.327034763333294620e+00
7.182682317360984392e+00 8.406805109089903638e+00
6.901863132651193666e+00 7.532709328940986993e+00
6.626957500025769221e+00 6.704390451874228773e+00
6.357874686579163992e+00 5.921048443719018728e+00
6.095184444114623012e+00 5.181335536912278883e+00
5.838244141663844644e+00 4.484820237897975126e+00
5.587920562976140815e+00 3.829647542956183592e+00
5.343477368548228412e+00 3.215454223886391016e+00
5.105502901979352082e+00 2.640486077055582470e+00
4.873708600278842340e+00 2.103842789929176949e+00
4.648051442594359095e+00 1.604238796230119446e+00
4.428890347511325487e+00 1.140034280158237934e+00
4.215813811081969398e+00 7.102504052543275881e-01
4.009374320506015721e+00 3.129748428384138137e-01
3.809045285580256124e+00 -5.259239370532425850e-02
3.615186389671769973e+00 -3.882191223397755131e-01
3.427322929329451373e+00 -6.950730282051650333e-01
3.245217500321492032e+00 -9.750683390327083977e-01
3.069685397440789387e+00 -1.228373652952068129e+00
2.899161804639945217e+00 -1.457496693746829663e+00
2.735556427136915936e+00 -1.661752723383025376e+00
2.576966627214019034e+00 -1.843465215052255912e+00
2.424992269176938997e+00 -2.002108291462325163e+00
2.278207209510085818e+00 -2.139557461150312978e+00
2.137457238913341939e+00 -2.255898071769881330e+00
2.002399366446655282e+00 -2.352049702523408836e+00
1.873509321893943369e+00 -2.427895249135478828e+00
1.750187788533029920e+00 -2.484853183596897885e+00
1.632420933329003399e+00 -2.523459229627657674e+00
1.520274793585413731e+00 -2.544757667973164939e+00
1.413584841316496421e+00 -2.549541613052842326e+00
1.312382528772931822e+00 -2.538822031593839235e+00
1.216450583768860616e+00 -2.513418198605474885e+00
1.125847996043991772e+00 -2.474396424091685365e+00
1.040258107418559286e+00 -2.422779183935507952e+00
9.596708973654533015e-01 -2.359991594749517141e+00
8.837891283705336942e-01 -2.287341573629757097e+00
8.123746706779741977e-01 -2.205980664300890126e+00
7.453420425747087075e-01 -2.117280674201201141e+00
6.823149248150754964e-01 -2.022130748670774025e+00
6.233771607175103702e-01 -1.921906378005633798e+00
5.679953208496479888e-01 -1.817288662082355843e+00
5.162412776967075789e-01 -1.709444074606609743e+00
4.676153583525140545e-01 -1.598971854667351034e+00
4.221138454024643272e-01 -1.486791695642449396e+00
3.794232457756789856e-01 -1.373537936230242229e+00
3.394595864699144760e-01 -1.259914895065589402e+00
3.020103577665733674e-01 -1.146480657433608830e+00
2.668496453810885183e-01 -1.033578600924131452e+00
2.338336041805864352e-01 -9.216846042826545293e-01
2.027674517708073498e-01 -8.110504333132146915e-01
1.734922675629848310e-01 -7.020318535640251989e-01
1.458282084188669836e-01 -5.948412010021384422e-01
1.195669988503016423e-01 -4.898218927458983241e-01
9.495906097089901188e-02 -3.884585921200258141e-01
7.133821138759752212e-02 -2.898539173596061391e-01
4.939838321275633742e-02 -1.962519531705857467e-01
2.838510270498801127e-02 -1.062164730009712010e-01
8.848749694844847830e-03 -2.129265510676042750e-02
-9.792942521870909994e-03 5.963384116848136074e-02
-2.720030301731235500e-02 1.357128269705690782e-01
-4.355516609499140296e-02 2.073277231796027964e-01
-5.880362491031808359e-02 2.745981377360512399e-01
-7.339921634149067231e-02 3.388988945152190957e-01
-8.733502100834057702e-02 4.004476124071884025e-01
-1.006077102580203025e-01 4.592424553037369739e-01
-1.131581490235793741e-01 5.151793870018278598e-01
-1.250109974579839134e-01 5.682037486719542230e-01
-1.361065921224966224e-01 6.181706354864044961e-01
-1.464802588237519854e-01 6.650919942566873022e-01
-1.560264029794804497e-01 7.087667812011569923e-01
-1.648134509196227393e-01 7.492660438823525171e-01
-1.727357926442380509e-01 7.864053256236297473e-01
-1.799205005716011940e-01 8.202662512910779968e-01
-1.862455541068440690e-01 8.507032126810514239e-01
-1.918504305537439281e-01 8.777379417838109266e-01
-1.966369033001824640e-01 9.013893305440797699e-01
-2.006776960496003959e-01 9.216423786647615080e-01
-2.039524130929312451e-01 9.385291704303087013e-01
-2.064755102428310340e-01 9.520242211304681401e-01
-2.082709479468677072e-01 9.621065819196581437e-01
-2.092848502964282376e-01 9.687016557151361118e-01
-2.095812312591248394e-01 9.717795716310106968e-01
-2.090364008897508119e-01 9.711616150100905731e-01
-2.077462053369075468e-01 9.667960509299788896e-01
-2.055743700325586287e-01 9.584990704416672669e-01
-2.025955768595836259e-01 9.461928111604142044e-01
-1.987273696508484455e-01 9.297861408346017598e-01
-1.939772253172126204e-01 9.091566125568938395e-01
-1.883678424524639905e-01 8.844137659085145042e-01
-1.818707119167280450e-01 8.555538715361415969e-01
-1.746113349694505545e-01 8.228867611999939324e-01
-1.664971273973489541e-01 7.864137637898870326e-01
-1.577716106807300067e-01 7.466545463842823027e-01
-1.483046631429394691e-01 7.036452931863855786e-01
-1.383543735534633057e-01 6.579677644642747403e-01
-1.278332211012718767e-01 6.097311683256307902e-01
-1.169381852077682471e-01 5.594706804005710188e-01
-1.057062494403230024e-01 5.074923222320969485e-01
-9.420507548349672799e-02 4.541901474257983851e-01
-8.263349630517531630e-02 4.000687264389567455e-01
-7.094455666107460368e-02 3.454587153079826112e-01
-5.942133890878083941e-02 2.909919011883572715e-01
-4.796151437979907783e-02 2.370258633796901160e-01
-3.693959075162960015e-02 1.846300027009856737e-01
-2.617834154386407264e-02 1.338167721414202926e-01
-1.606089348742677572e-02 8.578362168849615332e-02
-6.405651302614901073e-03 4.033177217767498768e-02
2.535213600166333868e-03 -1.745123399125352026e-03
1.086656783605188976e-02 -4.065694263260576785e-02
1.849508414264893624e-02 -7.598396284428501901e-02
2.540603756302417179e-02 -1.078711404164787585e-01
3.163971104636285891e-02 -1.363388528131463662e-01
3.724463755578859975e-02 -1.619222601106461157e-01
4.226390298150078245e-02 -1.848235324331137241e-01
4.671078763405812906e-02 -2.051221620767239018e-01
5.061320563921313520e-02 -2.230114771357340764e-01
5.400851351451729093e-02 -2.385502629948460240e-01
5.694698715415129342e-02 -2.519464808193035421e-01
5.942251227666826147e-02 -2.632983859658310499e-01
6.151537994111785923e-02 -2.727701224339309505e-01
6.317615814507326899e-02 -2.804826563115299098e-01
6.450786268974335880e-02 -2.865739424287004344e-01
6.544440375676016663e-02 -2.911549064041157320e-01
6.608132798113357242e-02 -2.942901818303961803e-01
6.637013610875461267e-02 -2.960780970310141758e-01
6.636417532780686246e-02 -2.965272520962997094e-01
6.607361084676771634e-02 -2.957340663275551118e-01
6.549636448177993675e-02 -2.936979753047874730e-01
6.466459764252679987e-02 -2.905188655487566107e-01
6.357089112181169011e-02 -2.862042038811261624e-01
6.224985524864354997e-02 -2.808470101740261349e-01
6.069505226117535845e-02 -2.744485233073181707e-01
5.894129480548786215e-02 -2.671036520043267304e-01
5.696397819838884546e-02 -2.588306653230090237e-01
5.480889430991078837e-02 -2.496925650488200366e-01
5.246634831969410051e-02 -2.397391308170655488e-01
4.995808558582637282e-02 -2.290050042582471579e-01
4.729830597657617292e-02 -2.175534888438099279e-01
4.448805396943136814e-02 -2.054144694701284524e-01
4.155247489898997171e-02 -1.926453274389910153e-01
3.848351344840984789e-02 -1.792723397928354667e-01
3.531199121939350427e-02 -1.653474298031656353e-01
3.203589758906331963e-02 -1.508966926598625524e-01
2.867795545664628132e-02 -1.359794866840820238e-01
2.525396639104318663e-02 -1.206188654289581941e-01
2.175300768149710656e-02 -1.048698626707491033e-01
1.822537510990705073e-02 -8.879558150160406227e-02
1.583898545923788370e-02 -7.786086695647218003e-02
1.364638017069676537e-02 -6.732427602742155348e-02
1.364638017069676537e-02 -6.732427602742155348e-02
