8.013442989794152850e-04 9.536546568262774639e-04
6.358963750445058988e-03 1.045040203518156699e-02
1.189933188468988816e-02 1.987702532428320748e-02
2.842877470847478272e-02 4.735364039197687003e-02
4.660866813400153796e-02 7.754953495121309770e-02
7.219083574111631596e-02 1.212591725860377445e-01
1.019826896909254710e-01 1.712465745129553574e-01
1.371284263597042918e-01 2.313176008446395648e-01
1.781000827387353713e-01 3.004176848688975832e-01
2.223235788680452962e-01 3.760160438541730321e-01
2.657885352426149761e-01 4.502121816514070285e-01
3.082962174379432208e-01 5.229280626876516846e-01
3.497370021052899625e-01 5.938421666706709123e-01
3.900183428869439806e-01 6.628125076547178862e-01
4.289570188114141258e-01 7.296255783157672425e-01
4.665514625333598842e-01 7.940638312322491066e-01
5.025721812310143255e-01 8.560223089032893418e-01
5.370655243077855356e-01 9.152375601033987396e-01
5.698050901960618475e-01 9.716485800514256255e-01
6.008180648129128887e-01 1.024996725480045834e+00
6.298917530568405310e-01 1.075183390061579258e+00
6.569733572817126888e-01 1.121887755464987979e+00
6.819108829709017439e-01 1.165011468262078909e+00
7.045604050785623240e-01 1.204211648926818867e+00
7.248200848521394457e-01 1.239357997670567535e+00
7.425363832423824695e-01 1.270186488705377537e+00
7.575909948919894443e-01 1.296466727079904846e+00
7.698641692725627372e-01 1.318017332146127707e+00
7.792031945792905478e-01 1.334559890649667402e+00
7.855450889784950652e-01 1.345961070372437840e+00
7.887204715857019099e-01 1.351927508215777785e+00
7.886014828831664492e-01 1.352239267591053062e+00
7.851446297188280354e-01 1.346745832911687923e+00
7.781116430777580417e-01 1.335100481926652094e+00
7.675505141087263228e-01 1.317263104294584819e+00
7.530475692953614297e-01 1.292637669354081087e+00
7.345394782718082105e-01 1.260996229910355870e+00
7.114982350309120296e-01 1.221544583781494886e+00
6.837120641387813835e-01 1.173854060831324819e+00
6.507112303010480492e-01 1.117083033139319781e+00
6.121059499785643787e-01 1.050722151575191221e+00
5.674677011068230970e-01 9.737887085238136065e-01
5.162568330368220160e-01 8.857752781498273720e-01
4.582377253476714873e-01 7.857735403065395641e-01
3.928578674682243754e-01 6.734076955887243754e-01
3.198782912943139434e-01 5.477282294226675230e-01
2.382610788330280505e-01 4.066251784585352969e-01
1.484184712404596485e-01 2.512645345989801826e-01
4.927528177534083731e-02 7.858752726985812620e-02
-5.823876175593241389e-02 -1.086668290580650176e-01
-1.743889893056331519e-01 -3.121296339933293806e-01
-2.980510531597806434e-01 -5.286872120823483678e-01
-4.287263712399105309e-01 -7.584553960617461676e-01
-5.652684850149207740e-01 -9.986798775089391622e-01
-7.062448836044203926e-01 -1.247408665158861618e+00
-8.497308265585663545e-01 -1.500015640122911664e+00
-9.941347095720942662e-01 -1.754075685183782873e+00
-1.138251114157970978e+00 -2.007259039474465379e+00
-1.280834462103505489e+00 -2.257435257419848185e+00
-1.420682581967976255e+00 -2.502687069579254242e+00
-1.556798366160063729e+00 -2.740842731750523953e+00
-1.687981126281990152e+00 -2.970341171278001902e+00
-1.813428018869530645e+00 -3.189099243267295769e+00
-1.931994144143602821e+00 -3.395842020880705192e+00
-2.043011405694196370e+00 -3.588703042931808085e+00
-2.145494746452117241e+00 -3.766528492194726851e+00
-2.238905455279841306e+00 -3.927838416867916571e+00
-2.322480674288715630e+00 -4.071689542282198815e+00
-2.395832004910885438e+00 -4.197172971072163250e+00
-2.458463861615231227e+00 -4.303629775172466587e+00
-2.510322573892717735e+00 -4.390986569102205195e+00
-2.551354463314134069e+00 -4.459108843092860042e+00
-2.581676640977488724e+00 -4.508490052412274629e+00
-2.601611302815533655e+00 -4.539465094430673808e+00
-2.611339203543637133e+00 -4.552842057632426886e+00
-2.611355016633247317e+00 -4.549171811955305955e+00
-2.601789179137686592e+00 -4.529137259361768031e+00
-2.583080464493277439e+00 -4.493183213750206129e+00
-2.555310120241033101e+00 -4.441828821763905033e+00
-2.518730255965285103e+00 -4.375311730820901523e+00
-2.473267111503906435e+00 -4.293593978284390822e+00
-2.418942823476796455e+00 -4.196784403775001948e+00
-2.355866199880017664e+00 -4.084784453697964501e+00
-2.283800784976807829e+00 -3.957794146150029668e+00
-2.203156089793834482e+00 -3.815685573478368120e+00
-2.113845893566424383e+00 -3.659183928620978854e+00
-2.016121578826405525e+00 -3.487801745921424335e+00
-1.910184585539530300e+00 -3.302631863280319990e+00
-1.796177516543830288e+00 -3.103204844356598269e+00
-1.674475599374081636e+00 -2.890464948795850919e+00
-1.545214501641712035e+00 -2.664359466125710618e+00
-1.409165292830146576e+00 -2.425643784569159855e+00
-1.266847623495180208e+00 -2.175119424615255426e+00
-1.117534712355036319e+00 -1.911765930719969919e+00
-9.581990447748367501e-01 -1.632913303632641533e+00
-7.878471116479995873e-01 -1.328891891428669148e+00
-6.048327200811763893e-01 -9.874397910934826772e-01
-4.271844856151528758e-01 -6.762102086698045245e-01
-2.639071442643084464e-01 -4.780569499179813109e-01
-1.307019553770636944e-01 -3.598249184367066089e-01
-3.577504772677234102e-02 -4.778653201580024268e-01
1.920005408669353542e-02 -7.163257642554283766e-01
3.436657223081217294e-02 -1.178905526517625368e+00
7.123782001752010373e-03 -1.765118722485028435e+00
-6.436185904128907675e-02 -2.557272927626135672e+00
-1.802887016294094646e-01 -3.525098921447676670e+00
-3.190270050486789244e-01 -4.609319691206943403e+00
-4.566385781991196269e-01 -5.652846761799390052e+00
-5.834526667307809999e-01 -6.643197082741019166e+00
-7.012891546298970491e-01 -7.598945563058116193e+00
-8.158949844633555104e-01 -8.524970111492951474e+00
-9.287396251466355501e-01 -9.426229191226958903e+00
-1.040649098743472001e+00 -1.030028531380006740e+01
-1.150606887885645913e+00 -1.114692856739273452e+01
-1.258131064841246927e+00 -1.196492532982646928e+01
-1.363983517013195312e+00 -1.275187524217414747e+01
-1.466398061894129246e+00 -1.350806586543883725e+01
-1.566894807813342450e+00 -1.423044329997087409e+01
-1.663521217332469160e+00 -1.491974676815653922e+01
-1.757590981939374020e+00 -1.557322035465463372e+01
-1.848066443061303188e+00 -1.619081136365229057e+01
-1.935342364848231522e+00 -1.677102042879759480e+01
-2.019288788177597826e+00 -1.731337158594548953e+01
-2.099209964089425284e+00 -1.781775082274468858e+01
-2.175972315181646799e+00 -1.828290157475846200e+01
-2.248362879082602905e+00 -1.870991478022736132e+01
-2.317318407046303541e+00 -1.909806416646650717e+01
-2.382026144981714832e+00 -1.944871430729851269e+01
-2.442946951309934889e+00 -1.976214099859444318e+01
-2.499935502447881763e+00 -2.003938423747312214e+01
-2.552806944011492440e+00 -2.028160906776640360e+01
-2.601949527401340223e+00 -2.048986531247555121e+01
-2.646296610665189064e+00 -2.066532051704883344e+01
-2.687413094115707946e+00 -2.081042621224665012e+01
-2.723541146337128183e+00 -2.092517540365023621e+01
-2.756513264499117266e+00 -2.101191042703049661e+01
-2.784964438085045568e+00 -2.107037301775786631e+01
-2.810010166703901024e+00 -2.110261784234714000e+01
-2.830911977301087568e+00 -2.110881111978014602e+01
-2.848018158737196437e+00 -2.109052739122176945e+01
-2.861361122964344972e+00 -2.104822202351625293e+01
-2.871329868627382709e+00 -2.098333769626286838e+01
-2.877900044300158111e+00 -2.089553580197316052e+01
-2.880727486071813725e+00 -2.078545121490601133e+01
-2.880141945942025661e+00 -2.065325826707050183e+01
-2.875999250214432035e+00 -2.049981025899179343e+01
-2.868547935256940740e+00 -2.032546843203259357e+01
-2.857839975913250452e+00 -2.013093935376932109e+01
-2.843853791305809064e+00 -1.991695705242730696e+01
-2.826883966730890041e+00 -1.968401142957882755e+01
-2.806597858429894288e+00 -1.943325510764670128e+01
-2.783506940356692549e+00 -1.916499011143039155e+01
-2.757213660656727683e+00 -1.888053739403315490e+01
-2.728236831780608274e+00 -1.858023733863415217e+01
-2.696313011243656632e+00 -1.826533254557126895e+01
-2.661677346782583164e+00 -1.793648435207136060e+01
-2.624516956116306865e+00 -1.759452336392106631e+01
-2.584582746298537792e+00 -1.724064012337100138e+01
-2.542529613863095950e+00 -1.687522610153810021e+01
-2.497923200636569696e+00 -1.649966903126418316e+01
-2.451532112040150757e+00 -1.611421821320271874e+01
-2.402977524481739735e+00 -1.572020305083411706e+01
-2.352798283193034301e+00 -1.531808570816640369e+01
-2.300963255647761940e+00 -1.490885626941791031e+01
-2.247599881435085933e+00 -1.449348715539178833e+01
-2.193053230533361653e+00 -1.407224899316734579e+01
-2.136905814803494952e+00 -1.364690219142118721e+01
-2.079882539401036290e+00 -1.321707718008657650e+01
-2.021557608556250329e+00 -1.278451192378769719e+01
-1.962336052772710282e+00 -1.234923748344411010e+01
-1.902328944325020865e+00 -1.191230637088291111e+01
-1.841319910159798345e+00 -1.147453429652884616e+01
-1.779903205259276033e+00 -1.103627586168574126e+01
-1.717590227018020999e+00 -1.059869435023848361e+01
-1.655123577054908646e+00 -1.016211663129955767e+01
-1.592130835762965324e+00 -9.727822186416652528e+00
-1.529157331743616677e+00 -9.296129826498312099e+00
-1.466104939105170590e+00 -8.868093496105545981e+00
-1.402908741225187494e+00 -8.444548993055988717e+00
-1.340000647533643674e+00 -8.025959985239424554e+00
-1.276911859794629622e+00 -7.613539586098263534e+00
-1.214414894952156931e+00 -7.207270352985877260e+00
-1.151973017523685971e+00 -6.808316006564075984e+00
-1.090133767796115816e+00 -6.416715479581140080e+00
-1.028874779534103556e+00 -6.032978082061191571e+00
-9.681442327806177861e-01 -5.657594229728566404e+00
-9.083278672733100523e-01 -5.290482890887941103e+00
-8.489287878200719728e-01 -4.932447568472976052e+00
-7.906186610311922713e-01 -4.582938393608273486e+00
-7.329254305992016771e-01 -4.242604398343406302e+00
-6.763352914084919121e-01 -3.910966958956691997e+00
-6.206983981756806212e-01 -3.588296859038799802e+00
-5.660703546706056244e-01 -3.274481996536986905e+00
-5.127267412964053861e-01 -2.969592843619781597e+00
-4.601447146754830131e-01 -2.673549342121005257e+00
-4.091420395875582372e-01 -2.386240693490016440e+00
-3.589801930094901339e-01 -2.107408069794007410e+00
-3.103059048723164071e-01 -1.836931631044666391e+00
-2.626547289160586773e-01 -1.574347014026495906e+00
-2.163281452705455021e-01 -1.319602365143945688e+00
-1.713355359107209541e-01 -1.072282184338009481e+00
-1.272480231962929142e-01 -8.337596713977859508e-01
-8.462205230796740474e-02 -6.022778408822916374e-01
-4.276381876052658126e-02 -3.802805772805977202e-01
-2.421056478236538467e-03 -1.658604370534456085e-01
3.696030426330886021e-02 3.928530238857833035e-02
7.493423561456345749e-02 2.364504530554781547e-01
1.116868348016765988e-01 4.247414047495929323e-01
1.472062796888712610e-01 6.044312594142416950e-01
1.813813730585966122e-01 7.757507894908088897e-01
2.139560834119154653e-01 9.400418250427965416e-01
2.447901918352910766e-01 1.097658056682452310e+00
2.740254697140173112e-01 1.248417003579332274e+00
3.016002686754220008e-01 1.392135041007532381e+00
3.274282902146551932e-01 1.528651266306486178e+00
3.516840127317680254e-01 1.657658196813102336e+00
3.740405178997989744e-01 1.779071953930534855e+00
3.948539655434284978e-01 1.892498523427651236e+00
4.137544641416233127e-01 1.997978408652765214e+00
4.310900540402581860e-01 2.095165483046311117e+00
4.465281044660386334e-01 2.184137151646510677e+00
4.601629976927155141e-01 2.264514796778969608e+00
4.718376010869609338e-01 2.336327050108726322e+00
4.816449794536785678e-01 2.399548975986546928e+00
4.896302352846418904e-01 2.454138029342975535e+00
4.956745166733499408e-01 2.500148270827874608e+00
4.999118768209821484e-01 2.537427086650108521e+00
5.021999013041963389e-01 2.565972178384874791e+00
5.026851116601241953e-01 2.585456052114765146e+00
5.012221895506228098e-01 2.595785681520457633e+00
4.979116480717094007e-01 2.596423038682722950e+00
4.926682901618406607e-01 2.587118864337196289e+00
4.855300519666348458e-01 2.567410522526744288e+00
4.764892310220948946e-01 2.536968077978816183e+00
4.655224630911170003e-01 2.495503797806695623e+00
4.527036127119031250e-01 2.442667610924798893e+00
4.380093175635219049e-01 2.378622643366202105e+00
4.216109782495208735e-01 2.303444635815586672e+00
4.034544713815511052e-01 2.217757396314272711e+00
3.838890221274301462e-01 2.121837864915425698e+00
3.627466612491265230e-01 2.016710130810019930e+00
3.404786130983720738e-01 1.902856367058006093e+00
3.169386696749449395e-01 1.781418312384348113e+00
2.925339142953864435e-01 1.653056263187911323e+00
2.672557759674226707e-01 1.518947482092434909e+00
2.413496434777298028e-01 1.380026782600334734e+00
2.149998866692057753e-01 1.237379383780607522e+00
1.882889617076913547e-01 1.092206723460404927e+00
1.615984525782304670e-01 9.455329950165135555e-01
1.349344385995492057e-01 7.988401275628875808e-01
1.088577747956176178e-01 6.533676983068593680e-01
8.318712119479448885e-02 5.120861273666703628e-01
5.866862669163745714e-02 3.750681383651757739e-01
3.501647707196051812e-02 2.458019950436643453e-01
1.285275061523878833e-02 1.236206107916423408e-01
-8.013163329268234436e-03 1.082452572500125498e-02
-2.723755023504252984e-02 -9.324580029404021253e-02
-4.489932059130428976e-02 -1.874337666491326659e-01
-6.101663565782528692e-02 -2.719588715028022907e-01
-7.562019846637775544e-02 -3.471494896035303146e-01
-8.875831236192083251e-02 -4.146023344697963298e-01
-1.004553294136348862e-01 -4.750586845267541491e-01
-1.108934399633287465e-01 -5.286557192562147955e-01
-1.200714319257339818e-01 -5.758538632225738141e-01
-1.280925203135784840e-01 -6.168425823084056070e-01
-1.350086020536845344e-01 -6.521144063546653324e-01
-1.408865679021309436e-01 -6.819681699229765970e-01
-1.458086373376237255e-01 -7.068680656077899194e-01
-1.498307875777795117e-01 -7.271491360597353015e-01
-1.530531367800417875e-01 -7.432012546699577893e-01
-1.555007830179102046e-01 -7.553299488455890165e-01
-1.572635043630558060e-01 -7.637530283195312908e-01
-1.583187184214380205e-01 -7.686729112779526751e-01
-1.587373301037517948e-01 -7.701428273026185156e-01
-1.584791217276238506e-01 -7.683704981465333539e-01
-1.576120174791744155e-01 -7.633903950875814415e-01
-1.561082681745073752e-01 -7.554317165549389035e-01
-1.540398734896339938e-01 -7.445210953644959551e-01
-1.513821381068897742e-01 -7.308732678660454507e-01
-1.481901960567203469e-01 -7.145577542082037770e-01
-1.444700042823466313e-01 -6.957290819182917474e-01
-1.402450397510637270e-01 -6.745205778470422242e-01
-1.355596384331528848e-01 -6.510169171759701001e-01
-1.304055552948101271e-01 -6.254124239970656474e-01
-1.248546345561979132e-01 -5.977471993224636737e-01
-1.188689539211926494e-01 -5.682457470717209302e-01
-1.125559123225793046e-01 -5.369193016042748123e-01
-1.058318965432980679e-01 -5.039618552612206148e-01
-9.881894287396747467e-02 -4.694021757605876255e-01
-9.143406948878096685e-02 -4.333792754568880912e-01
-8.376974160730978058e-02 -3.959769668049552549e-01
-7.579748931893283415e-02 -3.572783256302766719e-01
-6.753695767020505281e-02 -3.174344965564380172e-01
-5.903707949157441237e-02 -2.764882848342292143e-01
-5.026620714246057831e-02 -2.346180060920981525e-01
-4.429871564206272483e-02 -2.060668729211761196e-01
-3.837556779429129872e-02 -1.783362056861705902e-01
-3.837556779429129872e-02 -1.783362056861705902e-01
