2.748327498261802864e-04 -2.583891803654335059e-02
-4.292698492183495695e-02 -2.060216146159025152e-01
-8.698729176292874232e-02 -3.840759102394341040e-01
-2.048999158179519164e-01 -9.182849058876522141e-01
-3.381316906683822787e-01 -1.502249223325129224e+00
-5.415493291342300397e-01 -2.327169456626168031e+00
-7.693554184385567041e-01 -3.282828744368277096e+00
-1.051436402882935939e+00 -4.414226319447303482e+00
-1.370772554394217080e+00 -5.728469298930375153e+00
-1.728280374184923529e+00 -7.150237657929211288e+00
-2.083358359900999268e+00 -8.543358085629787269e+00
-2.431496676959845615e+00 -9.907395426001972538e+00
-2.772544431308841872e+00 -1.123735964019668643e+01
-3.104514686896068465e+00 -1.253039695423547784e+01
-3.425707238474454464e+00 -1.378398288831584217e+01
-3.736344869669967483e+00 -1.499325218125829728e+01
-4.033462871056291199e+00 -1.615764414912758440e+01
-4.318532228717375965e+00 -1.727123495627691341e+01
-4.588127556511145677e+00 -1.833436085408966676e+01
-4.843847367698226769e+00 -1.934130643117837067e+01
-5.082417825888261298e+00 -2.029122770147059995e+01
-5.304495222283534872e+00 -2.117780405009790456e+01
-5.508289540665608719e+00 -2.199923753916292668e+01
-5.692604984528017553e+00 -2.274975645060879259e+01
-5.856835813461848339e+00 -2.342639766985334404e+01
-5.999185213709544051e+00 -2.402498466738042637e+01
-6.119340220239476658e+00 -2.454080764450979757e+01
-6.215525193529366277e+00 -2.497092693349597425e+01
-6.287416076333074422e+00 -2.530997398529648379e+01
-6.333746724680803020e+00 -2.555553125617216637e+01
-6.354177057427069286e+00 -2.570215447438087608e+01
-6.346527723421000466e+00 -2.574614851437313234e+01
-6.312218609133484648e+00 -2.568378360058996179e+01
-6.247278743603705387e+00 -2.551032431802206091e+01
-6.154916923964037778e+00 -2.522252692662508267e+01
-6.029357177220414421e+00 -2.481175113209433647e+01
-5.873145330463262148e+00 -2.427072820150173982e+01
-5.681087387234850183e+00 -2.358610804043804166e+01
-5.453540126097089491e+00 -2.274762932255036674e+01
-5.188746581102397393e+00 -2.173906874692130131e+01
-4.883461121479778733e+00 -2.055110942883106162e+01
-4.538750991552415570e+00 -1.916363451255952910e+01
-4.147438815576850679e+00 -1.756949803330342519e+01
-3.710858130646101483e+00 -1.574390852947631103e+01
-3.212745687251666205e+00 -1.367507134181770212e+01
-2.659104273097583793e+00 -1.132532820956065400e+01
-2.050821682986713412e+00 -8.662826003471849390e+00
-1.449517687397752441e+00 -5.928168602435484935e+00
-8.997326060303382222e-01 -3.524696368708803540e+00
-4.564608372974142680e-01 -1.259523700180535499e+00
-1.572475302639295136e-01 1.362070576785550102e-01
-1.346158120347570875e-02 1.185834379490908308e+00
-2.786321871671897099e-02 1.378616349829112409e+00
-2.066769932691423228e-01 1.165752293490435854e+00
-5.470439536159945604e-01 1.771537794800883692e-01
-1.033674331456599482e+00 -1.422227442593111624e+00
-1.587187775184020655e+00 -3.447170420699580795e+00
-2.125128876991623006e+00 -5.245912534534254767e+00
-2.601623174355284007e+00 -6.778500892377304687e+00
-3.018471983193872887e+00 -8.091686631324826351e+00
-3.385588527642848344e+00 -9.216599914223479573e+00
-3.712533176155202952e+00 -1.017418309460111914e+01
-4.002988809436753392e+00 -1.097430068783433832e+01
-4.255632432694341105e+00 -1.162806437945427973e+01
-4.472663264145025686e+00 -1.214320017455732881e+01
-4.653295838159109188e+00 -1.253105834252989403e+01
-4.800295570077030227e+00 -1.279987570884081904e+01
-4.913988563245475838e+00 -1.296057201366599898e+01
-4.996487436944662797e+00 -1.302209778514838057e+01
-5.049062137020607466e+00 -1.299437063849025265e+01
-5.073586747170066857e+00 -1.288736251860618509e+01
-5.072246922354324283e+00 -1.271033417102425389e+01
-5.046725400200015699e+00 -1.247304482634036660e+01
-4.999443583310656081e+00 -1.218412596174884754e+01
-4.932044189477306162e+00 -1.185233641689055872e+01
-4.846634749575538414e+00 -1.148505910344917424e+01
-4.744785929418751991e+00 -1.108884638132977152e+01
-4.628027035757028784e+00 -1.066900677559275579e+01
-4.497747581844577347e+00 -1.023035438701725397e+01
-4.355010533433354425e+00 -9.776534432606538871e+00
-4.200715158624239720e+00 -9.310180050273586971e+00
-4.035618472170144244e+00 -8.833775353801978980e+00
-3.860539383377457945e+00 -8.349476061694083739e+00
-3.676177220112003319e+00 -7.859443660478317994e+00
-3.483417353788682114e+00 -7.365386217849938966e+00
-3.282935162956570618e+00 -6.869288079757962961e+00
-3.075416209398767808e+00 -6.372434250983372905e+00
-2.861579065707127167e+00 -5.876488392773763003e+00
-2.642108692770305467e+00 -5.382362824038550819e+00
-2.417623637073775367e+00 -4.891402328456177173e+00
-2.188727765178813733e+00 -4.404403079404671573e+00
-1.955992176622201040e+00 -3.922197950147265466e+00
-1.719972531266717120e+00 -3.445585342826284148e+00
-1.481273935756092452e+00 -2.975086187882824973e+00
-1.240300306837978539e+00 -2.511381171111623622e+00
-9.975467967186171236e-01 -2.055359802310361861e+00
-7.527983782329842333e-01 -1.611105020476388816e+00
-5.075417639168160466e-01 -1.176077662950234526e+00
-2.611151992597529059e-01 -7.560982695622470162e-01
-1.532125697515740459e-02 -3.468600767681596642e-01
2.300796704237695611e-01 4.794238499635561368e-02
4.737796860773461072e-01 4.317808013001638856e-01
7.155126901468807921e-01 8.027769374279236647e-01
9.547848024895746466e-01 1.162419467876511181e+00
1.190624342942395719e+00 1.511188995713447447e+00
1.422253047180973784e+00 1.853221982134794832e+00
1.649035015462774645e+00 2.188514007458615573e+00
1.871141037050453537e+00 2.516844489560609244e+00
2.088164166699813862e+00 2.837388562435768868e+00
2.299904990789248149e+00 3.150021481552772507e+00
2.506087121431366693e+00 3.453977690006137191e+00
2.706437819465148387e+00 3.749183860463272122e+00
2.900677101638215571e+00 4.034933387554299422e+00
3.088734027848544006e+00 4.311193354921318388e+00
3.270335909354158410e+00 4.577597587900170240e+00
3.445415213393477227e+00 4.833748406966191347e+00
3.613481201812743127e+00 5.079389206064380602e+00
3.774428577464726597e+00 5.313993148368146180e+00
3.927835067080546416e+00 5.537381082117842190e+00
4.073523492708737592e+00 5.749066619388274901e+00
4.211198887514372657e+00 5.948830900528777832e+00
4.340664189034124654e+00 6.136345516814570189e+00
4.461766807710424665e+00 6.311447851198096259e+00
4.574303184721990156e+00 6.474007662055088375e+00
4.678228708069599229e+00 6.623810385340476614e+00
4.773476364256415749e+00 6.760997783205438871e+00
4.860076993635937370e+00 6.885506432405784416e+00
4.938154784269464415e+00 6.997625269733568132e+00
5.007817726404765857e+00 7.097511651059225102e+00
5.069310841884519192e+00 7.185477782790620438e+00
5.122765743023929730e+00 7.261827799722199828e+00
5.168525618681497846e+00 7.326974212363674077e+00
5.206538415444656565e+00 7.381019673736412656e+00
5.237731109304388788e+00 7.425070172440678462e+00
5.261590668833148854e+00 7.458724054817342797e+00
5.279150604462562235e+00 7.483108930684741367e+00
5.289914033133699789e+00 7.497856740085833138e+00
5.294644220718955019e+00 7.503829247029162097e+00
5.293151640857259643e+00 7.500937235024783156e+00
5.285837464428511545e+00 7.489733639923088049e+00
5.272843455086389852e+00 7.470349029026423615e+00
5.254474191922827941e+00 7.443376601086008293e+00
5.230730761944207607e+00 7.408639887004933477e+00
5.201600338863596740e+00 7.366342899830246260e+00
5.167229743484537785e+00 7.316547319414629769e+00
5.127732934401281639e+00 7.259559691827256245e+00
5.083253044657370268e+00 7.195490966137281674e+00
5.033962378282088146e+00 7.124613539540039397e+00
4.979963900529156717e+00 7.047145042645648338e+00
4.921491790136037103e+00 6.963269476770418187e+00
4.858614729757086081e+00 6.873340846373157120e+00
4.791629476750968841e+00 6.777466771331504880e+00
4.720573177663898612e+00 6.676084889550284451e+00
4.645777840558860561e+00 6.569298297313307167e+00
4.567321432981207963e+00 6.457532667097879653e+00
4.485474643517531668e+00 6.340955833398877139e+00
4.400411545551698111e+00 6.219954214712858587e+00
4.312300990576650506e+00 6.094760376279543479e+00
4.221457027574121668e+00 5.965686888421292799e+00
4.127970202354993567e+00 5.833045009779143975e+00
4.032165694778131915e+00 5.697070907734728351e+00
3.934163422621315576e+00 5.558109859438776112e+00
3.834244037278470962e+00 5.416381618431860723e+00
3.732573794319393734e+00 5.272216388607531279e+00
3.629384280321320322e+00 5.125932436196689146e+00
3.524837867162260441e+00 4.977657769100451546e+00
3.419162746549380127e+00 4.827907609729802374e+00
3.312492947796873199e+00 4.676654725779777699e+00
3.205064543087597251e+00 4.524412026949588217e+00
3.096955626157575026e+00 4.371220832331025541e+00
2.988510987650410122e+00 4.217462796760950816e+00
2.879683283085136658e+00 4.063319214362396181e+00
2.770867973099405912e+00 3.909067755255436705e+00
2.662046647343159655e+00 3.754910265653025547e+00
2.553592830533939484e+00 3.601169618620760460e+00
2.445585567115501568e+00 3.448092348399542040e+00
2.338320965677806562e+00 3.295962295834533151e+00
2.231911166165721827e+00 3.145009300427167531e+00
2.126576022547671752e+00 2.995570394295469896e+00
2.022465201948968616e+00 2.847769532337398157e+00
1.919721964523845692e+00 2.701991666470716424e+00
1.818556328823017765e+00 2.558307768116569569e+00
1.719047329700884807e+00 2.417008704382054951e+00
1.621319555615677865e+00 2.278230987168198940e+00
1.525522120203023135e+00 2.142080365269146469e+00
1.431639635025154789e+00 2.008741657874129061e+00
1.339845396243056319e+00 1.878253870652012214e+00
1.250072381985342096e+00 1.750772339267456790e+00
1.162449729740013593e+00 1.626283622730757994e+00
1.076915395136859743e+00 1.504866371715265494e+00
9.935244379330421260e-01 1.386478976994732770e+00
9.122541239421539938e-01 1.271188868762188839e+00
8.330892992303239319e-01 1.158991705943269057e+00
7.561180458060036136e-01 1.049946789952235005e+00
6.811209993897155979e-01 9.439456490572872838e-01
6.083884670380497184e-01 8.411271963294215670e-01
5.375259459426595665e-01 7.412340345456257529e-01
4.687836813427226357e-01 6.444381711989227712e-01
4.018273670351250049e-01 5.504167129542268944e-01
3.367880386495256118e-01 4.593410902831784881e-01
2.735256485706610841e-01 3.709708331252609681e-01
2.123131229795793273e-01 2.856568560545306168e-01
1.528483697167272726e-01 2.029417767010553986e-01
9.556308117116536771e-02 1.234217349407273345e-01
4.019345787715924295e-02 4.666851964348679715e-02
-1.300896035755031571e-02 -2.692676165980455172e-02
-6.422087803896138480e-02 -9.766506957768743280e-02
-1.132933629323472913e-01 -1.652889874688954208e-01
-1.602772809181868818e-01 -2.299448844871206932e-01
-2.052255411501115456e-01 -2.915783299891357427e-01
-2.483733935997016196e-01 -3.505763638972406726e-01
-2.897848865496062687e-01 -4.069027798607872670e-01
-3.294459222802091913e-01 -4.606361832551166269e-01
-3.672806275357128336e-01 -5.116472893828041268e-01
-4.032467692386244584e-01 -5.599232164139329448e-01
-4.372691664811963475e-01 -6.053754232386650003e-01
-4.692995251144762570e-01 -6.479439618089191111e-01
-4.992908850663999587e-01 -6.875757229375799584e-01
-5.271811736703017059e-01 -7.242116720498066318e-01
-5.529560509941229274e-01 -7.578134306893642425e-01
-5.765842033135574196e-01 -7.883556174280706985e-01
-5.979489492340386292e-01 -8.157177917511005960e-01
-6.170506923607415040e-01 -8.399545089387705499e-01
-6.338723813555146025e-01 -8.609704645700093639e-01
-6.484552846121129921e-01 -8.788764126817096844e-01
-6.607387512455784595e-01 -8.935710427942494816e-01
-6.707313849316143273e-01 -9.051217228347080423e-01
-6.783532330669956867e-01 -9.134754520254340093e-01
-6.836442597135796717e-01 -9.185556832476969857e-01
-6.864064110049142853e-01 -9.203598768893868076e-01
-6.867033402748374815e-01 -9.187101580601172435e-01
-6.842651094400536982e-01 -9.135684533734750312e-01
-6.791349768221425220e-01 -9.047740283822884866e-01
-6.711114980741657021e-01 -8.922912670162697069e-01
-6.602107905097296392e-01 -8.759908656095730661e-01
-6.462689609349190345e-01 -8.558566437488807077e-01
-6.293891086080631858e-01 -8.318832062497258928e-01
-6.095582947879678581e-01 -8.042092475082295300e-01
-5.869364139379819045e-01 -7.729558275010225410e-01
-5.616478637627416726e-01 -7.383277553670797300e-01
-5.338597652516552383e-01 -7.005993099370315669e-01
-5.038267757485602738e-01 -6.600264263409150178e-01
-4.717405572404699265e-01 -6.168987754786385835e-01
-4.378602665331221555e-01 -5.715426369764448067e-01
-4.023893130947400198e-01 -5.242744706352265860e-01
-3.656808652598131371e-01 -4.754908288782563330e-01
-3.279505598847390901e-01 -4.255176621038008200e-01
-2.895580679350970854e-01 -3.747740000307429598e-01
-2.507266853638548953e-01 -3.236462219001771112e-01
-2.118640248485909872e-01 -2.725927745070760855e-01
-1.733219987301315990e-01 -2.221191062534152993e-01
-1.358315481368855271e-01 -1.730209574581709764e-01
-9.950834461725319158e-02 -1.255407292385876672e-01
-6.515765056997395444e-02 -8.056834725852782264e-02
-3.274777331583190315e-02 -3.809723488194362295e-02
-2.735316722535487827e-03 1.253070560006026152e-03
2.490980400165387909e-02 3.759142158942956058e-02
4.994970101950847730e-02 7.057098656174193296e-02
7.245093045688635880e-02 1.003224075639054247e-01
9.245836986877546682e-02 1.268711653363190639e-01
1.104768839434816657e-01 1.507390192146420282e-01
1.265501701994770356e-01 1.720413615239371752e-01
1.409042894974248117e-01 1.909622932373756798e-01
1.534822188660542874e-01 2.075646366342019100e-01
1.644846297079430586e-01 2.220166027474956838e-01
1.739090369172982820e-01 2.344368780028319443e-01
1.819290103458225949e-01 2.449850059291055759e-01
1.886106156038565573e-01 2.537462412238385978e-01
1.940870706598778472e-01 2.609066249470947119e-01
1.984110718875173873e-01 2.665401452179158581e-01
2.017238864162023415e-01 2.708147532011307423e-01
2.040373292675217165e-01 2.737663772212463043e-01
2.054315300501434183e-01 2.754790888084755474e-01
2.059171707980506638e-01 2.759849656569002829e-01
2.055203868670747169e-01 2.753106876491416277e-01
2.042898720803992818e-01 2.735096462959663022e-01
2.022443011056089257e-01 2.706265823413960825e-01
1.994252310734622724e-01 2.667404049381887354e-01
1.958493968975514310e-01 2.618289286702192853e-01
1.915810881106715380e-01 2.560128859828814663e-01
1.866088054863972723e-01 2.492521979009358346e-01
1.810153902614707322e-01 2.416874898555044227e-01
1.748101507445848912e-01 2.332638181841500680e-01
1.680103897281112202e-01 2.241173349154094718e-01
1.606975928070761561e-01 2.142130917278080859e-01
1.528262660414605179e-01 2.036754349445858980e-01
1.445286493037415687e-01 1.924594680305917738e-01
1.357198323151893038e-01 1.806592280072683854e-01
1.265363925415360080e-01 1.682976992945610650e-01
1.168854322995253325e-01 1.553928456932739399e-01
1.069058008740914612e-01 1.420141366218549417e-01
9.653189385182429916e-02 1.281290935789403396e-01
8.585504279711114739e-02 1.138793789391201322e-01
7.486506292325822987e-02 9.918835267325507021e-02
6.359525177414870889e-02 8.418346993896252961e-02
5.592571083497234474e-02 7.393005532671725888e-02
4.841325114257188922e-02 6.399197969752493109e-02
4.841325114257188922e-02 6.399197969752493109e-02
