-1.696306354018181704e-04 -1.148333607044254613e-02
-3.114270245838411319e-02 -8.209975797287474841e-02
-6.235559942920173432e-02 -1.519101265178660620e-01
-1.472185903058342848e-01 -3.636828294306974629e-01
-2.421143183209690519e-01 -5.950349692784754341e-01
-3.868240827428629514e-01 -9.180195485458745308e-01
-5.482789282781096452e-01 -1.294876218386422639e+00
-7.483774372036912093e-01 -1.737627959064962813e+00
-9.742979485818230589e-01 -2.254697083005713143e+00
-1.227275722326222507e+00 -2.810923331198279751e+00
-1.477251359806262432e+00 -3.355961515696900044e+00
-1.722630685657922767e+00 -3.889228824470880586e+00
-1.962632912664326268e+00 -4.409041419626832159e+00
-2.196282652788664080e+00 -4.914309916443801995e+00
-2.422624769798339628e+00 -5.403914397053177332e+00
-2.641236287890204704e+00 -5.876334633509967986e+00
-2.851011681726193014e+00 -6.330899653978783626e+00
-3.051801939345758719e+00 -6.765866137898356669e+00
-3.242527206588963651e+00 -7.180822466311241214e+00
-3.423014684001444152e+00 -7.574088910040915223e+00
-3.592165750304901373e+00 -7.944912457416371865e+00
-3.749469903030965501e+00 -8.291175684317309447e+00
-3.894257340078939755e+00 -8.611957778363654725e+00
-4.025452218668990945e+00 -8.905115766151954659e+00
-4.142653575160055723e+00 -9.169486393486291576e+00
-4.244723215275589823e+00 -9.403396300834593546e+00
-4.331219808965148133e+00 -9.605098863902494344e+00
-4.401131105071712568e+00 -9.773366296880990234e+00
-4.453918976328349544e+00 -9.906169271339365423e+00
-4.488880980267397014e+00 -1.000257233291790193e+01
-4.505377453909820140e+00 -1.006047340827661429e+01
-4.502261100505036140e+00 -1.007846485422616034e+01
-4.479790641446540711e+00 -1.005509255820260606e+01
-4.435928647555685167e+00 -9.988587547088890517e+00
-4.371775220042164456e+00 -9.877668972954941395e+00
-4.284241785683822634e+00 -9.718998993608796155e+00
-4.173967201600484955e+00 -9.509675705297176762e+00
-4.037822410299161113e+00 -9.244477608422892345e+00
-3.875344421529042904e+00 -8.919284330878756606e+00
-3.684574163390133883e+00 -8.527782028060858721e+00
-3.463505821878141155e+00 -8.065944173366302650e+00
-3.211002983162864144e+00 -7.525996303069693028e+00
-2.923654013481363556e+00 -6.904486000029907977e+00
-2.602252868906935745e+00 -6.193763822001477237e+00
-2.242865797123474891e+00 -5.392325179416340042e+00
-1.846584460999306510e+00 -4.494433357184350442e+00
-1.408198891853212675e+00 -3.499804460611085410e+00
-9.303091367122460209e-01 -2.404097240169006167e+00
-4.084896105763319851e-01 -1.205746597217009608e+00
1.547206614504040845e-01 9.796098697727928517e-02
7.601509581355135881e-01 1.510006446900022947e+00
1.406120740772751621e+00 3.031777218792273132e+00
2.090512401384256425e+00 4.667066250038996778e+00
2.812648345357364299e+00 6.416096807143575553e+00
3.567508649740020577e+00 8.282366375323531926e+00
4.351537954519752560e+00 1.026556699065337774e+01
5.160097702582541856e+00 1.236741105837898402e+01
5.989739102778755431e+00 1.458890992230405281e+01
6.838560250938460428e+00 1.692902810781832557e+01
7.703790386527757050e+00 1.939384195252674914e+01
8.593456310108344098e+00 2.198795830640523619e+01
9.501005426300878298e+00 2.473382733146770818e+01
1.042871355615069007e+01 2.765243095465906364e+01
1.132041918081468701e+01 3.059422920310510108e+01
1.214051076984903510e+01 3.310305004515647909e+01
1.283589602911319005e+01 3.548437199636252615e+01
1.337686771078055692e+01 3.695577839850059121e+01
1.374598220334123688e+01 3.809722653151018079e+01
1.394577463147109775e+01 3.835768391486736562e+01
1.396532163106463109e+01 3.821226659716426610e+01
1.380947615533897022e+01 3.729204081983704100e+01
1.348142342803945049e+01 3.576452434919479373e+01
1.304690876872093597e+01 3.373059584069989825e+01
1.257861463895875431e+01 3.179089379931664894e+01
1.212129864861076989e+01 2.998696207631173394e+01
1.167501515980845639e+01 2.827890801782326236e+01
1.123220878282434221e+01 2.664203644892596401e+01
1.078565454967694137e+01 2.506116592905561902e+01
1.033298521782278989e+01 2.353234894007655598e+01
9.876906161613685953e+00 2.205108277685954121e+01
9.416059277394520421e+00 2.061836782646412303e+01
8.952306466420274944e+00 1.923113304360042974e+01
8.484741278669673648e+00 1.788905339914057180e+01
8.014030226137744961e+00 1.659002851457470129e+01
7.540779855113473928e+00 1.533185953003061819e+01
7.063620081540565643e+00 1.411365476637726246e+01
6.584495893618944606e+00 1.293282029421080281e+01
6.101086562550919190e+00 1.178869644539399886e+01
5.615813120088960275e+00 1.067856293878599239e+01
5.126671794265081239e+00 9.601799741247736719e+00
4.635363368521620231e+00 8.556354795791452972e+00
4.140911825984764150e+00 7.541007893946030549e+00
3.643510480162637677e+00 6.554175591676715484e+00
3.143209084364237960e+00 5.594142334718442910e+00
2.639972887639029597e+00 4.660693025165189241e+00
2.134614935563358351e+00 3.752182668800255971e+00
1.625784703562976663e+00 2.869752941312467165e+00
1.115997281593741786e+00 2.009630844115162684e+00
6.039631312809090602e-01 1.173691146569276533e+00
9.288401101523008352e-02 3.574454932806633844e-01
-4.173521810112570396e-01 -4.384713029804676032e-01
-9.244396469019996454e-01 -1.217178712074094893e+00
-1.427384784104990478e+00 -1.978888178466545744e+00
-1.924927221253963872e+00 -2.725084622207404550e+00
-2.414730605596177693e+00 -3.456403434443574785e+00
-2.895513066527730217e+00 -4.174851503534553032e+00
-3.365966494083592497e+00 -4.879409490749621270e+00
-3.826117628758186839e+00 -5.569491298811763969e+00
-4.275378244286661911e+00 -6.243413433075186703e+00
-4.713062991285390524e+00 -6.900978915399163860e+00
-5.139050643260809181e+00 -7.540608315389347283e+00
-5.552315316930446443e+00 -8.162147303744472282e+00
-5.952606032100308475e+00 -8.764271501364738981e+00
-6.339475315495795016e+00 -9.346720540356857398e+00
-6.712662179197418588e+00 -9.908867949411437337e+00
-7.071966179701248301e+00 -1.044961365811360032e+01
-7.416501807249245459e+00 -1.096850705035038587e+01
-7.746187574951258981e+00 -1.146417732998481753e+01
-8.060117579273555322e+00 -1.193635913738982168e+01
-8.358148265733063909e+00 -1.238373835422998503e+01
-8.639684309802447615e+00 -1.280588490727716611e+01
-8.904426586254217568e+00 -1.320193666559768175e+01
-9.152188061967333255e+00 -1.357152212593773299e+01
-9.382490721277504164e+00 -1.391432375060109727e+01
-9.595452153654282057e+00 -1.422978687073526771e+01
-9.790732374284043971e+00 -1.451820853745222806e+01
-9.968673852229617438e+00 -1.477943991482344899e+01
-1.012931384660933176e+01 -1.501409990051495491e+01
-1.027303152857163937e+01 -1.522256241095422702e+01
-1.040014367049605326e+01 -1.540548497388491711e+01
-1.051097489417677266e+01 -1.556358511069641004e+01
-1.060620593475112017e+01 -1.569771867150128841e+01
-1.068551673644746458e+01 -1.580832191639351691e+01
-1.075093937862767746e+01 -1.589758863919130505e+01
-1.080123336720319216e+01 -1.596494628844764563e+01
-1.083856303258079734e+01 -1.601256296061820095e+01
-1.086192036592712284e+01 -1.603982327749479353e+01
-1.087285280586582203e+01 -1.604848469361466456e+01
-1.087093444281938304e+01 -1.603838267993307554e+01
-1.085702467900301116e+01 -1.601073950781396604e+01
-1.083128388979100798e+01 -1.596583378106443973e+01
-1.079464962812820161e+01 -1.590479435820039100e+01
-1.074688886935350851e+01 -1.582734995937271627e+01
-1.068811378524079636e+01 -1.573380808981930912e+01
-1.061854298590385604e+01 -1.562442407151375612e+01
-1.053851332485364978e+01 -1.549969370422844506e+01
-1.044827573737433291e+01 -1.535997089133286764e+01
-1.034818564356337589e+01 -1.520574067255953743e+01
-1.023851986280676840e+01 -1.503749126050787055e+01
-1.011963217456964514e+01 -1.485566694815667432e+01
-9.991832645301251148e+00 -1.466091193653380387e+01
-9.855506498627768508e+00 -1.445362385520955328e+01
-9.710978545234235426e+00 -1.423455400018132977e+01
-9.558675837653536789e+00 -1.400409770584367664e+01
-9.398950865431434210e+00 -1.376304697493540097e+01
-9.232182054033895469e+00 -1.351184950936817764e+01
-9.058859681347954051e+00 -1.325125898226300691e+01
-8.879230782708372516e+00 -1.298185761294702090e+01
-8.693946422443355360e+00 -1.270427566869211056e+01
-8.503196467366661793e+00 -1.241918028218467995e+01
-8.307645094771290317e+00 -1.212711303921917860e+01
-8.107498136843274139e+00 -1.182878824044949795e+01
-7.903339980313415225e+00 -1.152473013481430186e+01
-7.695496682785683440e+00 -1.121560401955310660e+01
-7.484470225002523236e+00 -1.090206057060926881e+01
-7.270554859784994939e+00 -1.058452268162926657e+01
-7.054192770787610201e+00 -1.026385290795700556e+01
-6.835703180070547447e+00 -9.940271907212764546e+00
-6.615502830309194060e+00 -9.614621916410335700e+00
-6.393866784832439976e+00 -9.287209437891641883e+00
-6.171272991235477789e+00 -8.958690739044993023e+00
-5.947934692867610451e+00 -8.629582342711520582e+00
-5.724362642232582843e+00 -8.300364002402819352e+00
-5.500715390947169325e+00 -7.971614497364237550e+00
-5.277613079335488067e+00 -7.643861631489349939e+00
-5.055337600812264576e+00 -7.317777283987853210e+00
-4.834358710159375683e+00 -6.993852716377460865e+00
-4.615038916590794571e+00 -6.672706913171913889e+00
-4.397660079899341490e+00 -6.354903304271974029e+00
-4.182712212585918188e+00 -6.040924522709948619e+00
-3.970328348361118920e+00 -5.731362801409609631e+00
-3.761045286049895964e+00 -5.426565103156887560e+00
-3.554902376313841650e+00 -5.127031709006196536e+00
-3.352351831851970054e+00 -4.833037015797201796e+00
-3.153469062299799397e+00 -4.544896211899711602e+00
-2.958494900546650985e+00 -4.262869852653611069e+00
-2.767568805205024240e+00 -3.987108204228730912e+00
-2.580752480770642343e+00 -3.717865104554454625e+00
-2.398183523410522433e+00 -3.455088335957192225e+00
-2.219866306735132078e+00 -3.198966655163873796e+00
-2.045869414085138782e+00 -2.949358898723062783e+00
-1.876262107891967013e+00 -2.706401347898617971e+00
-1.710977305935334369e+00 -2.469962078815750584e+00
-1.550260237287551357e+00 -2.240252173689511128e+00
-1.393703076367480698e+00 -2.016925862402987768e+00
-1.241839264951648980e+00 -1.800266658486446847e+00
-1.094074730462033074e+00 -1.589750518744285079e+00
-9.507698837874911657e-01 -1.385547501379564839e+00
-8.114518712792189170e-01 -1.187128325765108627e+00
-6.763191428809709471e-01 -9.945559364294671578e-01
-5.451542452573393538e-01 -8.075530718052472690e-01
-4.182292785617468533e-01 -6.269149498676733767e-01
-2.951646067357233116e-01 -4.516489625638551719e-01
-1.764671726803136442e-01 -2.832082930465841253e-01
-6.184122375861131338e-02 -1.205296768013737196e-01
4.838934286677447350e-02 3.539801483989132858e-02
1.544384755069541371e-01 1.853144706535444219e-01
2.560570043194750900e-01 3.286735336642683802e-01
3.533764946926953865e-01 4.656435172973577563e-01
4.463656401888363989e-01 5.963760106387260285e-01
5.353376045308692044e-01 7.217518256569013246e-01
6.202873369974575279e-01 8.419734442718930234e-01
7.012930815392446338e-01 9.569469231343170623e-01
7.781907806033750985e-01 1.066553198310216777e+00
8.509064733372833089e-01 1.170579430934623799e+00
9.194085339732696038e-01 1.268953539752740278e+00
9.834859207183299645e-01 1.361407818519699831e+00
1.043187929462961572e+00 1.447861273144574579e+00
1.098335895410251561e+00 1.528147969686143748e+00
1.148953626204218814e+00 1.602212001267354191e+00
1.194935199720697172e+00 1.669914287694723276e+00
1.236105483979190955e+00 1.731076249110386378e+00
1.272476540368598030e+00 1.785621864831853367e+00
1.303991431023439063e+00 1.833579244742164160e+00
1.330782254845355173e+00 1.874949824630369521e+00
1.352680771046034236e+00 1.909669567320318784e+00
1.369838062883702801e+00 1.937755613522739617e+00
1.382058189694278294e+00 1.959057520143759668e+00
1.389392091222023229e+00 1.973487189336353920e+00
1.391667585335839341e+00 1.980820236684789792e+00
1.388785678705956039e+00 1.980800799600351603e+00
1.380554801351686178e+00 1.973164882897824102e+00
1.366880531427833834e+00 1.957603586031223752e+00
1.347591037196719022e+00 1.933891119714669538e+00
1.322599502142419947e+00 1.901781744486537473e+00
1.291831965043162445e+00 1.861059285551467823e+00
1.255309224636782517e+00 1.811824385783975089e+00
1.213263125914579854e+00 1.754180912717710594e+00
1.165806069857523219e+00 1.688543617562877408e+00
1.113394802631721969e+00 1.615221064644768889e+00
1.056217870979134332e+00 1.534872173393977857e+00
9.949031719752552405e-01 1.447955741640055694e+00
9.296775728191362109e-01 1.355302527280834335e+00
8.612082606451957334e-01 1.257405042384328597e+00
7.898395534047120137e-01 1.155202216893587153e+00
7.162386616129781114e-01 1.049318564802012688e+00
6.408282513416038162e-01 9.406741852981284069e-01
5.642847899129181943e-01 8.300476844157755885e-01
4.871573984338721797e-01 7.183904748914247129e-01
4.101460285052122012e-01 6.066212844709808483e-01
3.340555670784488562e-01 4.959318635792618335e-01
2.599261196825047304e-01 3.882552617416710206e-01
1.883258058123756795e-01 2.839563511367078630e-01
1.203664646430674390e-01 1.853870431498856886e-01
5.628095699674618563e-02 9.228727521747681628e-02
-3.196219111188301765e-03 6.247202016086451926e-03
-5.806455130013721266e-02 -7.314938226463638116e-02
-1.079362736381427323e-01 -1.450453546507210756e-01
-1.529322545190144045e-01 -2.096622661927567688e-01
-1.931657205117928433e-01 -2.671721560645895499e-01
-2.292945899392318521e-01 -3.188176815135433939e-01
-2.615780163599241703e-01 -3.650619343062427857e-01
-2.902593328387988447e-01 -4.061103403442050674e-01
-3.154970013176539023e-01 -4.422586771649473780e-01
-3.374391544792119668e-01 -4.736830756120564700e-01
-3.563371094696956565e-01 -5.007405966949534104e-01
-3.723199517476502018e-01 -5.236452991992179840e-01
-3.856873917789351847e-01 -5.427621894635625832e-01
-3.965652090552718168e-01 -5.583511251411946708e-01
-4.052001944930101462e-01 -5.707166842669649798e-01
-4.117123247784467699e-01 -5.800821082537064299e-01
-4.162733298223361689e-01 -5.866163141925128111e-01
-4.189245053364536453e-01 -5.904834671248192501e-01
-4.197653796216880839e-01 -5.916915721797338934e-01
-4.188282336710214548e-01 -5.904257196045343825e-01
-4.161796503084319587e-01 -5.867004045637472798e-01
-4.119091373845532034e-01 -5.806733711331573122e-01
-4.060546631457888078e-01 -5.723961112102131654e-01
-3.986969860387042375e-01 -5.619965705928025024e-01
-3.899012361873798738e-01 -5.495403399957246027e-01
-3.797405530963352538e-01 -5.351656669730394666e-01
-3.682634277909361820e-01 -5.189263288476737568e-01
-3.555688092636575259e-01 -5.009512709794710084e-01
-3.416743345409737898e-01 -4.813325149507798328e-01
-3.267193486276095404e-01 -4.601381396998424078e-01
-3.106920513429430875e-01 -4.375189820896713266e-01
-2.937253917917151402e-01 -4.134899308887826641e-01
-2.758159875498044089e-01 -3.882030097252984202e-01
-2.570524737983853059e-01 -3.616711967530718552e-01
-2.374769622698201244e-01 -3.340032339578646869e-01
-2.170988980568555604e-01 -3.052676458158591344e-01
-1.960462855326504106e-01 -2.755201770815585705e-01
-1.742876184115026428e-01 -2.448866815766801985e-01
-1.519603728509562601e-01 -2.133717696945380271e-01
-1.290495837018449943e-01 -1.811550180960175560e-01
-1.134590585155652309e-01 -1.591480285613586787e-01
-9.818225596059781957e-02 -1.377551989590507509e-01
-9.818225596059781957e-02 -1.377551989590507509e-01
