3.873182953102269170e-03 -1.151225621137161488e-02
6.444587086946483578e-02 2.236681792817366565e-01
1.264166386552507126e-01 4.578212333034406556e-01
2.996903134652025846e-01 1.076956823754597448e+00
4.951604184343205706e-01 1.767400066115106361e+00
7.815089340362074699e-01 2.865522801214099413e+00
1.111901364829024574e+00 4.065922084556314431e+00
1.512274843964484417e+00 5.599472837021060911e+00
1.977094728941219071e+00 7.315081482748541752e+00
2.492240116339292655e+00 9.288993087674921156e+00
3.011324268992519926e+00 1.126804072176936344e+01
3.529221288617887087e+00 1.325877092701359494e+01
4.047508596243815759e+00 1.526088535397153301e+01
4.565955208246913699e+00 1.727563810499013996e+01
5.082070460715325311e+00 1.930633158879502531e+01
5.599841543818935286e+00 2.134961331747569346e+01
6.114981973701691942e+00 2.341403273408171160e+01
6.636741114691337096e+00 2.549770700724717187e+01
7.159286541852028840e+00 2.761753589382992047e+01
7.687295001154236473e+00 2.977480918584184977e+01
8.188278154552456556e+00 3.192741103422057591e+01
8.646075016180979844e+00 3.378365451356363280e+01
9.020790501013859597e+00 3.544322573241804974e+01
9.293206702522793350e+00 3.652244380042433392e+01
9.444487301539744806e+00 3.719140623517878197e+01
9.471811099922504695e+00 3.724564201511945782e+01
9.369290001429362746e+00 3.683970153888991916e+01
9.139286687756788652e+00 3.587524430765739680e+01
8.787032472749444878e+00 3.438687156504722964e+01
8.349435679495652352e+00 3.244643937465556860e+01
7.868448592240254058e+00 3.038195836117707671e+01
7.378755151707497184e+00 2.834980289967250400e+01
6.895593598119965861e+00 2.636665848507124821e+01
6.421362902310070453e+00 2.443350752323579655e+01
5.955705359346779915e+00 2.253861024501900800e+01
5.493794838441344197e+00 2.068621897089555972e+01
5.039968169345903526e+00 1.887202366229209716e+01
4.590869099207179005e+00 1.710525600105794197e+01
4.151671397000922248e+00 1.538430980441540896e+01
3.720323061032716705e+00 1.371686702061239771e+01
3.299813133218982397e+00 1.210418134784114486e+01
2.890806846490927118e+00 1.055129914133443947e+01
2.493559816773676996e+00 9.062676303360346353e+00
2.111073097526054099e+00 7.639660502964600752e+00
1.741667299806030744e+00 6.287775488338212426e+00
1.389171623478154149e+00 5.006417617176473378e+00
1.050228365491081117e+00 3.804446693624634168e+00
7.290863680649537493e-01 2.677274990182131553e+00
4.224920036053011474e-01 1.634550875436379336e+00
1.336716458804836360e-01 6.703708591275464590e-01
-1.391023214265474650e-01 -2.100691909845285865e-01
-3.942863738450445577e-01 -1.011659664482342569e+00
-6.324336942027986019e-01 -1.733282343577758677e+00
-8.539155933987085945e-01 -2.377771492670345932e+00
-1.058174035905395494e+00 -2.949015560213877230e+00
-1.245547085491572004e+00 -3.453701116329956022e+00
-1.415462234558207077e+00 -3.896569931250517538e+00
-1.569403868998519025e+00 -4.279831138097808463e+00
-1.707193457552376614e+00 -4.607151919181249333e+00
-1.829682860495943419e+00 -4.881444936928579281e+00
-1.937222476842100027e+00 -5.106029837221929490e+00
-2.030313267638513164e+00 -5.284097402577428326e+00
-2.109527500055315308e+00 -5.418578505758673280e+00
-2.175091929167288995e+00 -5.512733627669426539e+00
-2.227765934897737221e+00 -5.569273619623472449e+00
-2.267772895768076946e+00 -5.591484203568846567e+00
-2.295964158438677849e+00 -5.581899947063510226e+00
-2.312657771739758505e+00 -5.543692337615602206e+00
-2.318588724791470934e+00 -5.479359985909302289e+00
-2.314243290337899328e+00 -5.391819382571817698e+00
-2.300370486417464555e+00 -5.283795814239217847e+00
-2.277662008042109942e+00 -5.157965384845217827e+00
-2.246829011005435195e+00 -5.016941101376948708e+00
-2.208658849435050087e+00 -4.863164898663607794e+00
-2.163805517993319771e+00 -4.698966727108624397e+00
-2.112993991486362688e+00 -4.526385603971567306e+00
-2.056774962958679343e+00 -4.347188174442277564e+00
-1.995696997833364073e+00 -4.162795000856228889e+00
-1.930237397383148590e+00 -3.974527941712182155e+00
-1.860779106745507949e+00 -3.783341113047572257e+00
-1.787619733983574433e+00 -3.590012232979721940e+00
-1.711020999768412043e+00 -3.395205111318641666e+00
-1.631260533734689933e+00 -3.199515989541418470e+00
-1.548580291808381304e+00 -3.003561231461521430e+00
-1.463283628284068438e+00 -2.807741157350974071e+00
-1.375598341359997701e+00 -2.612654872208751033e+00
-1.285737673004293757e+00 -2.418582330199495090e+00
-1.193953017509820302e+00 -2.226018494429693462e+00
-1.100462633046412231e+00 -2.035128664780930574e+00
-1.005479009843376570e+00 -1.846316791518575418e+00
-9.091925257136715954e-01 -1.659715331510399849e+00
-8.117869604928730221e-01 -1.475583879922856667e+00
-7.134395720293772447e-01 -1.294046751206661572e+00
-6.143518214039400682e-01 -1.115278591839543143e+00
-5.146382244113975046e-01 -9.393807579631388016e-01
-4.145173172738485512e-01 -7.666748735967701123e-01
-3.138867466292823982e-01 -5.983180019024980645e-01
-2.132823638370472952e-01 -4.335502110202137382e-01
-1.125033836218008176e-01 -2.740814639783239470e-01
-1.217551654987372722e-02 -1.185789741469145953e-01
8.776515682040424149e-02 3.191489299896331511e-02
1.868667248009076021e-01 1.784268797677536211e-01
2.850225083194214415e-01 3.205173731604908371e-01
3.820184801029454791e-01 4.585456921495995597e-01
4.775390102671694947e-01 5.927897185433247396e-01
5.713059735933552208e-01 7.244551400519304574e-01
6.631041703710425228e-01 8.535889218483189156e-01
7.529712936719280547e-01 9.800360595421492294e-01
8.407499302272777308e-01 1.103529205512359113e+00
9.263485519790970457e-01 1.223980830162910483e+00
1.009677566239717494e+00 1.341135624594791187e+00
1.090604762785410076e+00 1.454932370847033862e+00
1.169054715663959687e+00 1.565108442587240134e+00
1.244945196344748872e+00 1.671655195816929007e+00
1.318208729944320590e+00 1.774417747573469928e+00
1.388806755974486773e+00 1.873255497733045560e+00
1.456539827269768939e+00 1.968047457629839236e+00
1.521400450116896064e+00 2.058612678856202471e+00
1.583176499268284410e+00 2.144850944623450939e+00
1.641850954640978077e+00 2.226607845128908636e+00
1.697246361115724023e+00 2.303733300861634081e+00
1.749362344457546570e+00 2.376161639040995865e+00
1.798067654850745267e+00 2.443782745970917603e+00
1.843359857281882563e+00 2.506569633150200538e+00
1.885154542914153630e+00 2.564419294148616135e+00
1.923463665283246415e+00 2.617379474234219572e+00
1.958298536548908064e+00 2.665434629220589713e+00
1.989698262789063365e+00 2.708699976585746683e+00
2.017725319706024312e+00 2.747232006487944744e+00
2.042462390029172958e+00 2.781152632523000268e+00
2.063962567268430082e+00 2.810580402553653823e+00
2.082362598307109014e+00 2.835669188274569485e+00
2.097657917897890911e+00 2.856477312308868477e+00
2.110176217484138306e+00 2.873408349676299434e+00
2.119780326109666380e+00 2.886354253380416512e+00
2.126796216755173496e+00 2.895698293524919364e+00
2.131121934077294444e+00 2.901328549205387297e+00
2.132971609547297032e+00 2.903566522695371521e+00
2.132333657465975474e+00 2.902367494824822813e+00
2.129346263675553796e+00 2.897985896336903178e+00
2.124053803161735754e+00 2.890425784048724189e+00
2.116627897145948012e+00 2.879955222747983434e+00
2.107005051963700470e+00 2.866460673654446012e+00
2.095226795510138018e+00 2.850060502275924001e+00
2.081341711465530153e+00 2.830743652321830339e+00
2.065383884171244411e+00 2.808671180779426901e+00
2.047444318738368185e+00 2.783839196525888848e+00
2.027547988514032173e+00 2.756389450164129951e+00
2.005782764241153870e+00 2.726361282846401668e+00
1.982206374354066547e+00 2.693883497445443975e+00
1.956865194788639961e+00 2.659023887401559705e+00
1.929873452964449676e+00 2.621916321086779966e+00
1.901253892783249633e+00 2.582621806203178494e+00
1.871134132220672708e+00 2.541286187652773698e+00
1.839543886798583383e+00 2.497970472581231061e+00
1.806580810933160697e+00 2.452843586157020361e+00
1.772340096368183682e+00 2.405958043236660071e+00
1.736863537415230807e+00 2.357480028397455740e+00
1.700311026390725067e+00 2.307484088711127868e+00
1.662669124064476422e+00 2.256116753519889606e+00
1.624114689288539859e+00 2.203461858592357103e+00
1.584647970268738604e+00 2.149644303892609187e+00
1.544440559171278426e+00 2.094781491430280695e+00
1.503486463253932426e+00 2.038967236030044816e+00
1.461974930155794272e+00 1.982348947839490449e+00
1.419854468114322810e+00 1.924957724133472992e+00
1.377335415239292482e+00 1.867006540088130384e+00
1.334368150564828159e+00 1.808473826101290260e+00
1.291115980699582444e+00 1.749563144083740696e+00
1.247584874591923798e+00 1.690278051843234763e+00
1.203910255119977624e+00 1.630791530679382095e+00
1.160096735211351149e+00 1.571153050727132516e+00
1.116263975932799024e+00 1.511480595440020114e+00
1.072440697953746636e+00 1.451860539203517542e+00
1.028746379364886110e+00 1.392392317173115401e+00
9.852437570638932218e-01 1.333195978854330832e+00
9.420165140497989142e-01 1.274370186647160175e+00
8.991379591178974007e-01 1.216013675097707303e+00
8.566694866648871809e-01 1.158228778578308082e+00
8.147208687342710753e-01 1.101109227255546053e+00
7.732865182253969571e-01 1.044747603184263518e+00
7.325006184469841086e-01 9.892318410194962386e-01
6.923671049951112266e-01 9.346233327920931977e-01
6.529518176643045457e-01 8.810135716629723390e-01
6.143100877576658236e-01 8.284063567567494513e-01
5.764276416660140123e-01 7.769173746663667890e-01
5.393939016391045005e-01 7.265079522523140154e-01
5.031610000242014991e-01 6.772830898000969935e-01
4.677900759801636443e-01 6.291983458905434645e-01
4.332545858350566603e-01 5.823206938009088951e-01
3.995913225461308893e-01 5.366028349663369834e-01
3.667716442075132921e-01 4.921054123528738056e-01
3.348292373768536612e-01 4.487737509088741694e-01
3.037351630093659272e-01 4.066800337013642408e-01
2.734950216222049590e-01 3.657529337697980609e-01
2.441070284571921489e-01 3.260549162695622893e-01
2.155420182485970892e-01 2.874779974950812944e-01
1.877962111687188629e-01 2.500891619811708155e-01
1.608326407973175165e-01 2.137674215658567911e-01
1.346025221905670921e-01 1.785656245889665483e-01
1.091456998390191724e-01 1.444022815799260451e-01
8.448063410009856722e-02 1.114172918450381244e-01
6.056525212441363215e-02 7.942260418488578111e-02
3.748706143211716357e-02 4.868172891787925227e-02
1.521777910031618837e-02 1.898251356455109978e-02
-6.205456074178409762e-03 -9.476467230059335001e-03
-2.680091889047600540e-02 -3.684920406871357301e-02
-4.655554970376511031e-02 -6.301614419314717497e-02
-6.545959322392677637e-02 -8.802882132150931238e-02
-8.353464033976634728e-02 -1.118962399610297365e-01
-1.008742015249816104e-01 -1.347317805895953402e-01
-1.174879959844222083e-01 -1.565719561253063330e-01
-1.333940066639628386e-01 -1.774024936691526722e-01
-1.485226677092154890e-01 -1.972235027579949673e-01
-1.629131952001351413e-01 -2.159737060292983568e-01
-1.764922206020536066e-01 -2.336501794383926689e-01
-1.892685014061921134e-01 -2.502218918443545048e-01
-2.012095751395824861e-01 -2.656604897826854716e-01
-2.122933942844285049e-01 -2.799595458912462753e-01
-2.225445479746403221e-01 -2.930777697024507522e-01
-2.318910946404470763e-01 -3.050402204989829946e-01
-2.403446046137376335e-01 -3.157602034784843248e-01
-2.478650280425724051e-01 -3.252742144472504648e-01
-2.544816580960005403e-01 -3.335551973979749563e-01
-2.601809288810418841e-01 -3.406239224108525421e-01
-2.649449499537591124e-01 -3.464826895905003812e-01
-2.687871740763981832e-01 -3.510858370392117012e-01
-2.716904864542925568e-01 -3.544917847408777245e-01
-2.736356666282259154e-01 -3.566013847146870530e-01
-2.745993607538473325e-01 -3.574684700974338214e-01
-2.745316901606257853e-01 -3.569565071725999683e-01
-2.734164005803205177e-01 -3.551145621393750895e-01
-2.711938598350927543e-01 -3.518331059108733005e-01
-2.678556994797222646e-01 -3.471241771847145552e-01
-2.633437991641812692e-01 -3.409210603498571412e-01
-2.576563581418405691e-01 -3.332091976860733773e-01
-2.507917722244408787e-01 -3.239980893107132776e-01
-2.427741556153986957e-01 -3.133307690396904821e-01
-2.336505031111713593e-01 -3.012579748294336168e-01
-2.234766546794776931e-01 -2.878547255815893102e-01
-2.123346334125500445e-01 -2.732478678481766732e-01
-2.003010175773092816e-01 -2.574870853311551078e-01
-1.874589286713642944e-01 -2.407608808200541461e-01
-1.739169863466313859e-01 -2.231029827228827034e-01
-1.597587374019618922e-01 -2.047595913607490048e-01
-1.451139185968734757e-01 -1.857438882450621054e-01
-1.300706974001292759e-01 -1.663210732490161547e-01
-1.147717772488348054e-01 -1.465283088984394855e-01
-9.931167705351816311e-02 -1.266222719251055839e-01
-8.385735070721503370e-02 -1.066975471431168554e-01
-6.852041122159924225e-02 -8.702570610597176737e-02
-5.362269873283471988e-02 -6.785502425863233766e-02
-3.916969752885816197e-02 -4.934673834702955897e-02
-2.552441037859188785e-02 -3.177740433664234115e-02
-1.262374918200767984e-02 -1.523809130324430688e-02
-6.987860964885184156e-04 1.270774724489581731e-04
1.031528781178046167e-02 1.426017163262717491e-02
2.028214848997730510e-02 2.713422348505055773e-02
2.925248705542816269e-02 3.868630544181084902e-02
3.722838079139277612e-02 4.904160586806928512e-02
4.440345926364488993e-02 5.829869468816770151e-02
5.083395568678512888e-02 6.661943837569590798e-02
5.653048272422402099e-02 7.396066162876741013e-02
6.157504763558981076e-02 8.045198515599009947e-02
6.593208614987224048e-02 8.607357802519559342e-02
6.970735238520463228e-02 9.093213466422217506e-02
7.289815143803617115e-02 9.502745309899554571e-02
7.555844774795110463e-02 9.845433896170996402e-02
7.774260157371037927e-02 1.012457308053487937e-01
7.946648527111395410e-02 1.034448998212812720e-01
8.077010244807981965e-02 1.051138717508720011e-01
8.169913632738876053e-02 1.062644709475206728e-01
8.223289070716703619e-02 1.069403109128910234e-01
8.243729254563417208e-02 1.071409830973913541e-01
8.225159392731611063e-02 1.068818606406700816e-01
8.176792274511104908e-02 1.061972482367836285e-01
8.092736982804928092e-02 1.050911756127967667e-01
7.980053069122686193e-02 1.035777753575510690e-01
7.835352701238584849e-02 1.016877091447035558e-01
7.664087167791944211e-02 9.942975941070655854e-02
7.464522196640260843e-02 9.682425099191886708e-02
7.240007900453303280e-02 9.387472859076709253e-02
6.989831554542876024e-02 9.062154770163993733e-02
6.717662502639565325e-02 8.705401965136638776e-02
6.423966426756999581e-02 8.322568215811516901e-02
6.109460731626417673e-02 7.911788435219163640e-02
5.776102760655208584e-02 7.477015559513944254e-02
5.424220985985671317e-02 7.017973402143463935e-02
5.055446469647901370e-02 6.538095339262736672e-02
4.670869321935162966e-02 6.036350702521577072e-02
4.271650189808325754e-02 5.517146030657502781e-02
3.856939376497066363e-02 4.978494430480879390e-02
3.430758687346383701e-02 4.423886299432115699e-02
2.991078836271520575e-02 3.855016772358926813e-02
2.542040942954443966e-02 3.271699790518251688e-02
2.233579548609675169e-02 2.873736313438552542e-02
1.935013496627263976e-02 2.488589994057643570e-02
1.935013496627263976e-02 2.488589994057643570e-02
