4.063211682845354646e-04 6.455641106925039379e-04
4.319505660508735773e-03 5.752983782236664907e-03
8.224972638461712851e-03 1.082617970457769828e-02
1.957939932578263431e-02 2.582839075299035031e-02
3.211856673793769823e-02 4.231539552129916226e-02
5.016551442843471958e-02 6.577232582651086623e-02
7.091049291868727067e-02 9.288314966322444577e-02
9.574064557156082567e-02 1.250975033653290991e-01
1.244045833687727060e-01 1.624499523188631112e-01
1.556820432084997652e-01 2.029629830989813644e-01
1.864517561136572743e-01 2.427634007608433508e-01
2.165763224266641918e-01 2.816782914029613560e-01
2.459820986584811131e-01 3.196579094232483431e-01
2.745727269481813559e-01 3.565440170411263709e-01
3.022515308447285554e-01 3.922587558970800914e-01
3.289748263667462425e-01 4.266996243400286160e-01
3.546345446244785760e-01 4.597729732527300328e-01
3.791875283436510480e-01 4.913988566335087405e-01
4.025430776139388711e-01 5.214784962801644053e-01
4.246580991472359567e-01 5.499408542603934080e-01
4.454382366073837973e-01 5.766648327974021049e-01
4.647919825297985863e-01 6.015470602205874595e-01
4.826425188371960551e-01 6.244866145889695908e-01
4.988818752911829968e-01 6.453200230653335367e-01
5.134321551109992665e-01 6.639885159035775475e-01
5.262001124577353472e-01 6.803091955415452308e-01
5.370839439936245796e-01 6.942113662904213500e-01
5.459998868623313628e-01 7.055487671084458290e-01
5.528542033932281052e-01 7.142162949630389557e-01
5.575775656724480944e-01 7.201064909110590495e-01
5.600770250953732710e-01 7.230888210700636698e-01
5.602418540424169979e-01 7.230363931225922691e-01
5.580455384226611359e-01 7.198534858974138251e-01
5.532998646731965842e-01 7.134133433040136252e-01
5.460576484630211835e-01 7.036096729982175280e-01
5.360097442532221201e-01 6.902183307352172115e-01
5.231374664139432085e-01 6.730161007213729674e-01
5.070597912884221570e-01 6.516368003311168167e-01
4.876576600073482815e-01 6.257894401204073809e-01
4.645727994249420068e-01 5.950634449596789999e-01
4.376004944128040197e-01 5.590986000993980465e-01
4.063714926312095299e-01 5.174623750049708315e-01
3.705782543210117685e-01 4.697556814891978849e-01
3.299881002409810749e-01 4.156403045106226712e-01
2.842258625660900595e-01 3.548071808220817358e-01
2.331671579521388260e-01 2.867954076637421745e-01
1.762269816996007155e-01 2.101860264554018531e-01
1.136270605085437368e-01 1.257937092354805275e-01
4.479792885663129443e-02 3.164872116167739835e-02
-2.971946699672893544e-02 -7.055757828557401856e-02
-1.100802576753512896e-01 -1.818318434298698827e-01
-1.955087306201121478e-01 -3.003683430955224609e-01
-2.857370752476914855e-01 -4.262353396155545981e-01
-3.798581095890687376e-01 -5.579849892048895921e-01
-4.770955333604957049e-01 -6.943494886615889650e-01
-5.762319130244186738e-01 -8.326399435543572203e-01
-6.763007881786480269e-01 -9.713665003908522610e-01
-7.764280377758600027e-01 -1.109314850290638699e+00
-8.757052756562427875e-01 -1.245316984384160497e+00
-9.734160804216795970e-01 -1.378270895676509289e+00
-1.068676023019722754e+00 -1.507091435827087711e+00
-1.160917032606841870e+00 -1.630771468705249694e+00
-1.249295342194921776e+00 -1.748317316725457982e+00
-1.333311446874172246e+00 -1.858858331080059934e+00
-1.412264316572854561e+00 -1.961529979816412972e+00
-1.485635306535151079e+00 -2.055578433839742036e+00
-1.552952935868906259e+00 -2.140265468117175107e+00
-1.613683125958855769e+00 -2.215088420928183588e+00
-1.667598240739419868e+00 -2.279514878450430437e+00
-1.714214276250955571e+00 -2.333312091314303949e+00
-1.753610647783856891e+00 -2.376340879399541972e+00
-1.785526036439773367e+00 -2.408741970204847149e+00
-1.810154379208775755e+00 -2.430701562162464135e+00
-1.827509945856072182e+00 -2.442594303072000095e+00
-1.837764080840501801e+00 -2.444849770135724132e+00
-1.841132069960770723e+00 -2.437873041450039580e+00
-1.837660220362242525e+00 -2.422113578529210720e+00
-1.827635349068188475e+00 -2.397809642303924349e+00
-1.810976120481164742e+00 -2.365402648922354523e+00
-1.787936027315508491e+00 -2.324936812623939808e+00
-1.758295960648513123e+00 -2.276539177422915561e+00
-1.722194171645196503e+00 -2.220174047200629719e+00
-1.679523181370584428e+00 -2.155901979571902771e+00
-1.630229144633364324e+00 -2.083790688985295958e+00
-1.574434953482338528e+00 -2.003831136572464366e+00
-1.512177801048158798e+00 -1.916414050026266969e+00
-1.443484897482701701e+00 -1.821309357956774289e+00
-1.368556419263460278e+00 -1.719104913117198041e+00
-1.287371419298679376e+00 -1.609556458685570846e+00
-1.200143561210824661e+00 -1.493172289412692422e+00
-1.106794845460880250e+00 -1.369864546686378581e+00
-1.007590072222065203e+00 -1.239971172823836287e+00
-9.025984794217258855e-01 -1.103751003053007995e+00
-7.920755239245109713e-01 -9.613819246351620329e-01
-6.757721596095356276e-01 -8.130291306920996997e-01
-5.538561444727860827e-01 -6.585573974691170118e-01
-4.263677761437452141e-01 -4.975709639601576528e-01
-2.935731038934051296e-01 -3.302740565586488319e-01
-1.556788942036231027e-01 -1.556628856079361467e-01
-1.301526244460390891e-02 2.595768823629902855e-02
1.340989877447916478e-01 2.155138827525835965e-01
2.854604157478448090e-01 4.128389424435529031e-01
4.406720543974400606e-01 6.189775893785660621e-01
5.993909852033963981e-01 8.343035284653947947e-01
7.615597356855752231e-01 1.059982991240303596e+00
9.267384500166173655e-01 1.296044629699687478e+00
1.095422234341289824e+00 1.543568502075586490e+00
1.267295425103751372e+00 1.803455703356365181e+00
1.442956794693262879e+00 2.076789037556467044e+00
1.622090566832168346e+00 2.364714597855117617e+00
1.805046734365004513e+00 2.668305358718462639e+00
1.991836156555804704e+00 2.988577033883410561e+00
2.182662894090517725e+00 3.326790970483852750e+00
2.377801984105179400e+00 3.683500506517164652e+00
2.576771336138997448e+00 4.060256182049191587e+00
2.780304715330163656e+00 4.457676528129692173e+00
2.987863725107178237e+00 4.877735339435757211e+00
3.200122011817520207e+00 5.321292233111821091e+00
3.416790184100150451e+00 5.790083815677124157e+00
3.638015921173582523e+00 6.285503953852790815e+00
3.864129872996998394e+00 6.808750603680339353e+00
4.094670341977129979e+00 7.361663288773627301e+00
4.330563102728950398e+00 7.944598448809108149e+00
4.570799755113271523e+00 8.559829883203258660e+00
4.816504872629495893e+00 9.207437536929310440e+00
5.066821625044887867e+00 9.889009593323912384e+00
5.322074276816320726e+00 1.060485148721919302e+01
5.582476503811059310e+00 1.135496245340903343e+01
5.847344174256191351e+00 1.214011620499189803e+01
6.117887218128229776e+00 1.295911495540819303e+01
6.392630728978447863e+00 1.381328814250631964e+01
6.672482486884562469e+00 1.470119590914577223e+01
6.957576912874840147e+00 1.562370115880700538e+01
7.246356433877684466e+00 1.657871460025713262e+01
7.541187500682200451e+00 1.756705972516445513e+01
7.838958248265240236e+00 1.858778960337243547e+01
8.142717292521858496e+00 1.964086395796544693e+01
8.449240546473713920e+00 2.072662488424382587e+01
8.760863275782964976e+00 2.184450032392123475e+01
9.075642713153177610e+00 2.299499777055162042e+01
9.394423322455033087e+00 2.417760520715702199e+01
9.715869370712756137e+00 2.539197152417498771e+01
1.003969643771148057e+01 2.663956650841372209e+01
1.036678238972283594e+01 2.791968270259707197e+01
1.069805750281547674e+01 2.923744821053864484e+01
1.103772049508830655e+01 3.059718526289137230e+01
1.138381209023871499e+01 3.201447316851984937e+01
1.173089578679109479e+01 3.348622637022192805e+01
1.204712170985391495e+01 3.481736555447480441e+01
1.231556084904549664e+01 3.597995188913046150e+01
1.250872373240637359e+01 3.685014338289138891e+01
1.261383703246069921e+01 3.733603809005995089e+01
1.262924682036566004e+01 3.748522698110625129e+01
1.255106346848304355e+01 3.723909949421883425e+01
1.238132701635420929e+01 3.667230802124140610e+01
1.211655563204431907e+01 3.569633812154362573e+01
1.177473135904041257e+01 3.437537155128285349e+01
1.139222235798244220e+01 3.289813658257332918e+01
1.100948006953673897e+01 3.148397736687574522e+01
1.063714982668771469e+01 3.013370714456996424e+01
1.027627529041582299e+01 2.882835353321689809e+01
9.920233297883218171e+00 2.756037669256017608e+01
9.567655828436786081e+00 2.632428392567818065e+01
9.218025031767201227e+00 2.512019766545285648e+01
8.871677402821399383e+00 2.394712564961938384e+01
8.530925101255663279e+00 2.280559126025741179e+01
8.192871699961195020e+00 2.169500312196604597e+01
7.861889449840858468e+00 2.061574785612729954e+01
7.534373856212415177e+00 1.956740702846902025e+01
7.213607733951207024e+00 1.855075308975649762e+01
6.897633970637654599e+00 1.756479207057980219e+01
6.587526992149820515e+00 1.661074273756339181e+01
6.283745135794140069e+00 1.568784312676460502e+01
5.986268063296262376e+00 1.479825865695686815e+01
5.695537110525370039e+00 1.394038749312009706e+01
5.410924609287372178e+00 1.311556271399685336e+01
5.133604130224166617e+00 1.232275623140583676e+01
4.863134210311182315e+00 1.156251417573666807e+01
4.599602661092280442e+00 1.083473258131003192e+01
4.343447721732251132e+00 1.013896355700121710e+01
4.093995755119075319e+00 9.475579064665849316e+00
3.852238730498902086e+00 8.843038014846257511e+00
3.617272974645513450e+00 8.240994887832977511e+00
3.389751596486827445e+00 7.667600805798000962e+00
3.169291938159393140e+00 7.121798617188079383e+00
2.955853709583800892e+00 6.602372769919060858e+00
2.749522655587629760e+00 6.107709697313891795e+00
2.549715378549362921e+00 5.637069080487430384e+00
2.356839451299066468e+00 5.188390981005152724e+00
2.170242429095439185e+00 4.760987615824904040e+00
1.990143898459685978e+00 4.353011934397231997e+00
1.816250640976887265e+00 3.963558279730608369e+00
1.648330458688745281e+00 3.591293718800434132e+00
1.486710494274039451e+00 3.235356037201694068e+00
1.330276749006043202e+00 2.894595740106073123e+00
1.180131345750105476e+00 2.568353620350673605e+00
1.034813844894427071e+00 2.255336498628438768e+00
8.951872709467421085e-01 1.954968121055618457e+00
7.602030995445918649e-01 1.665839766721979753e+00
6.302364258754320492e-01 1.387486236572443854e+00
5.048886093549518339e-01 1.118685793944723006e+00
3.839592176773558019e-01 8.595239930593837618e-01
2.672788742544446317e-01 6.083340262350649397e-01
1.547800676419612831e-01 3.659493160218561525e-01
4.662922120608860299e-02 1.311968736769684729e-01
-5.735956249701465448e-02 -9.529341798167445532e-02
-1.571654005289659373e-01 -3.141109453453799771e-01
-2.527245269029170238e-01 -5.249387086860091145e-01
-3.441676954043890735e-01 -7.277633097210801649e-01
-4.313427640206086711e-01 -9.226876377692466713e-01
-5.143494786200542013e-01 -1.110174438621412074e+00
-5.930723898456307097e-01 -1.290273256598475138e+00
-6.676281801304669861e-01 -1.462912641416911796e+00
-7.379414866840362519e-01 -1.627692829526736329e+00
-8.038290467793753891e-01 -1.784614853842139803e+00
-8.655474962983628062e-01 -1.933130618288757541e+00
-9.225754913399987212e-01 -2.073311447958293918e+00
-9.753661687425876359e-01 -2.204544183697875859e+00
-1.023413218539351188e+00 -2.326983173754609613e+00
-1.067117701777097860e+00 -2.440154107934808358e+00
-1.106117957848396172e+00 -2.544104230417007617e+00
-1.140401744382869342e+00 -2.638449219280659452e+00
-1.169893776988197409e+00 -2.723060748359094063e+00
-1.194628634616462293e+00 -2.798049610695330536e+00
-1.214805082214637677e+00 -2.863184625674328743e+00
-1.230171607221927088e+00 -2.918627105695239532e+00
-1.241045757974956310e+00 -2.964075430856727866e+00
-1.247140056175307210e+00 -2.999554781458395603e+00
-1.248708557354079263e+00 -3.024611267623107835e+00
-1.245550944150024542e+00 -3.039100806807976785e+00
-1.237723140048238690e+00 -3.042371593504979099e+00
-1.225183058200672415e+00 -3.034019467227288214e+00
-1.207829039130965842e+00 -3.013519000535661796e+00
-1.185767093487977819e+00 -2.980344439269636769e+00
-1.158845345846126085e+00 -2.934178842585470903e+00
-1.127241093245473724e+00 -2.874509970081324362e+00
-1.090936409244355865e+00 -2.801516548097968684e+00
-1.050216856038034718e+00 -2.715270817578346652e+00
-1.005224781656220534e+00 -2.616423104676369515e+00
-9.563400933164253326e-01 -2.505403562597895650e+00
-9.037962479016199424e-01 -2.383230766741296414e+00
-8.480387408595446708e-01 -2.250695531415190409e+00
-7.893685590793437790e-01 -2.108905802082908121e+00
-7.282419187100401814e-01 -1.958854749407468177e+00
-6.650599889317109215e-01 -1.801738188504971028e+00
-6.002451305338770693e-01 -1.638802317695894573e+00
-5.343037159791496071e-01 -1.471234802060280566e+00
-4.676518716916022722e-01 -1.300466532009851406e+00
-4.009143277254377802e-01 -1.127721039614989484e+00
-3.346002440961969304e-01 -9.546341676873555393e-01
-2.694483846655919002e-01 -7.828646137837205199e-01
-2.058067042222351262e-01 -6.159898806340255994e-01
-1.446071594359708001e-01 -4.541257236394345975e-01
-8.599756563031875356e-02 -3.016040040323836324e-01
-3.076122590265297635e-02 -1.575354575395269685e-01
2.101767860808220756e-02 -2.476517611656665896e-02
6.890824861650748923e-02 9.757598202158707101e-02
1.128897982377803783e-01 2.080144036182268452e-01
1.530280232487291336e-01 3.068446595623406381e-01
1.893795379215577057e-01 3.944731636307745593e-01
2.220742364085612208e-01 4.730851025270670362e-01
2.512189903291501825e-01 5.435579935596779322e-01
2.771282071699789351e-01 6.060851603598156334e-01
2.999192186164991725e-01 6.611363214586367665e-01
3.198101607311335526e-01 7.089282809105293959e-01
3.369420715718837167e-01 7.500422295077491253e-01
3.515150619500586049e-01 7.848197615854340947e-01
3.636794109667165209e-01 8.138414363629101755e-01
3.736108668849100756e-01 8.374695700909982055e-01
3.814692912128224700e-01 8.562123525455564987e-01
3.873914624472833412e-01 8.704251885964835456e-01
3.915077849693449075e-01 8.803770629944013271e-01
3.938581003366704580e-01 8.862818989297174266e-01
3.945287396337436303e-01 8.882206965781409558e-01
3.935355367381956349e-01 8.864025351176785250e-01
3.909657680225696597e-01 8.808937367363149917e-01
3.868637820537604299e-01 8.719246937901904415e-01
3.812975315402868937e-01 8.595678367404069320e-01
3.743237918472540060e-01 8.440308430806939821e-01
3.659908695310961635e-01 8.254139369518292968e-01
3.563813228655808851e-01 8.038815537259348387e-01
3.455319838529948839e-01 7.795884272554047811e-01
3.335445654792489334e-01 7.526612593479035107e-01
3.204308315056287326e-01 7.232678457922561144e-01
3.063294879816934602e-01 6.915339953976682441e-01
2.911977461106425302e-01 6.576244716471870699e-01
2.752247747334441996e-01 6.216430256702485391e-01
2.583113858540891927e-01 5.837290852647657458e-01
2.406566546531995199e-01 5.439919033325431030e-01
2.221852361911406115e-01 5.025151232634232912e-01
2.030214696048738277e-01 4.594494163135378617e-01
1.831753309459639711e-01 4.148425625964248797e-01
1.627031895653158478e-01 3.688942058353247289e-01
1.416845093707924663e-01 3.216250454189573116e-01
1.201356042527039203e-01 2.732436673869132471e-01
1.054891334999033120e-01 2.402183987237790919e-01
9.126121445431244206e-02 2.079711578676534667e-01
9.126121445431244206e-02 2.079711578676534667e-01
